1 0.529009 0.618502 0.076075 0.090702
0 0.443698 0.305135 0.052277 0.042964
0 0.485109 0.329371 0.053945 0.061835
0 0.376275 0.309956 0.036942 0.035623
0 0.397366 0.367344 0.031002 0.048438
0 0.347972 0.398973 0.031338 0.041717
0 0.342446 0.428798 0.021890 0.025326
0 0.355875 0.446795 0.046284 0.050871
0 0.579350 0.363255 0.032946 0.039611
0 0.533842 0.348204 0.042741 0.045633
0 0.511589 0.392012 0.034828 0.035895
0 0.462589 0.408961 0.044583 0.043143
0 0.399963 0.442766 0.030134 0.037415
0 0.434753 0.449511 0.030567 0.042594
0 0.397207 0.478803 0.043553 0.035604
0 0.360696 0.517269 0.037494 0.044990
0 0.588865 0.432329 0.024182 0.028520
0 0.558831 0.429698 0.028353 0.033372
0 0.594565 0.399082 0.039465 0.036357
0 0.633755 0.429795 0.027836 0.045339
0 0.656146 0.456068 0.024157 0.034271
0 0.646818 0.573486 0.029439 0.035706
0 0.665482 0.529196 0.043441 0.063553
0 0.600324 0.463183 0.032868 0.042027
0 0.632706 0.504368 0.052923 0.064980
0 0.576307 0.498442 0.039967 0.081454
0 0.521984 0.486061 0.037154 0.042573
0 0.501397 0.468246 0.042009 0.044203
0 0.469962 0.505111 0.014692 0.022351
0 0.438382 0.529719 0.026384 0.030157
0 0.411465 0.550663 0.023496 0.026338
0 0.346139 0.547275 0.029237 0.038047
0 0.346255 0.546701 0.029460 0.038012
0 0.360018 0.517217 0.037148 0.045226
0 0.390350 0.568819 0.044433 0.070613
0 0.593234 0.650250 0.041603 0.046706
0 0.622206 0.584442 0.035166 0.057554
0 0.584627 0.564287 0.042131 0.048306
0 0.554270 0.567269 0.022961 0.030624
0 0.532440 0.565161 0.036086 0.053797
0 0.472234 0.576339 0.027582 0.035445
0 0.449115 0.565092 0.029947 0.038242
0 0.424353 0.595891 0.038186 0.063667
0 0.412452 0.673263 0.021389 0.025379
0 0.458795 0.688087 0.040264 0.039882
0 0.487497 0.622613 0.024257 0.024739
0 0.540321 0.688014 0.045551 0.042426
0 0.457391 0.652289 0.021137 0.027903
0 0.493808 0.655995 0.055576 0.060330
0 0.417713 0.725776 0.042445 0.045686
0 0.510508 0.295026 0.034575 0.040409