0 0.462375 0.706658 0.034276 0.035772
1 0.501933 0.354446 0.096479 0.127270
0 0.357881 0.606669 0.034283 0.043437
0 0.533264 0.667907 0.035538 0.053207
0 0.551876 0.617097 0.029438 0.033579
0 0.603840 0.614332 0.034179 0.052600
0 0.643769 0.575021 0.045855 0.048534
0 0.703816 0.493231 0.046153 0.071686
0 0.678636 0.516189 0.036831 0.055130
0 0.419114 0.533111 0.024715 0.027422
0 0.366435 0.540416 0.023682 0.025175
0 0.387190 0.528713 0.049311 0.084792
0 0.371306 0.460205 0.021665 0.027984
0 0.436626 0.496122 0.032147 0.049604
0 0.473485 0.540907 0.044456 0.068332
0 0.507079 0.530443 0.038268 0.039084
0 0.454287 0.616952 0.045509 0.062371
0 0.487744 0.601426 0.033019 0.053460
0 0.567416 0.533349 0.042838 0.083064
0 0.537159 0.565365 0.052401 0.050803
0 0.619379 0.552312 0.047295 0.046501
0 0.643863 0.574595 0.045507 0.049688
0 0.644596 0.508503 0.033775 0.039557
0 0.678755 0.516964 0.038584 0.056991
0 0.520096 0.479828 0.056906 0.052123
0 0.571728 0.424734 0.027895 0.030972
0 0.517819 0.321402 0.056745 0.055995
0 0.559319 0.331031 0.026318 0.028712
0 0.503545 0.688736 0.034089 0.040692
0 0.600407 0.323352 0.056584 0.072255
0 0.462911 0.264928 0.047254 0.049861
0 0.422998 0.328656 0.032994 0.040771
0 0.460098 0.405049 0.031806 0.037518
0 0.440946 0.364368 0.048011 0.056527
0 0.322703 0.450040 0.046400 0.050977
0 0.319582 0.503082 0.034993 0.042055
0 0.330999 0.559431 0.049475 0.064878
1 0.642036 0.637940 0.064908 0.064233
1 0.409667 0.428364 0.057130 0.092571
0 0.484140 0.749449 0.042740 0.058897
0 0.532330 0.718899 0.033240 0.035068
0 0.449308 0.666595 0.036730 0.038786
0 0.632633 0.411662 0.028954 0.032392
0 0.377341 0.423086 0.028958 0.033812
0 0.623372 0.457247 0.038354 0.043540
0 0.382526 0.380491 0.028999 0.028678
0 0.588020 0.477682 0.033302 0.034020