0 0.669332 0.483842 0.033655 0.039758
0 0.644201 0.409516 0.044719 0.062964
0 0.614293 0.384314 0.025314 0.032550
0 0.578955 0.395023 0.035273 0.061214
0 0.535774 0.419685 0.052874 0.058623
0 0.528256 0.382784 0.041796 0.050541
0 0.497751 0.375462 0.031117 0.034211
0 0.482055 0.336162 0.046087 0.040030
0 0.521908 0.311117 0.043084 0.039784
0 0.522408 0.281519 0.023167 0.029916
0 0.620145 0.462525 0.032401 0.041831
0 0.640140 0.484499 0.021748 0.027841
0 0.364729 0.404503 0.033597 0.058576
0 0.600962 0.500143 0.036409 0.053628
0 0.630138 0.510341 0.027865 0.028413
0 0.670042 0.547585 0.032416 0.036130
0 0.647163 0.541317 0.034749 0.061911
0 0.620723 0.565325 0.047599 0.083617
0 0.592100 0.563571 0.053435 0.064017
0 0.542282 0.536275 0.047851 0.060134
0 0.570771 0.490860 0.036729 0.043432
0 0.417920 0.638402 0.032221 0.046046
0 0.540440 0.458960 0.025859 0.028508
0 0.390377 0.431413 0.026639 0.028664
0 0.430617 0.394471 0.027413 0.031571
0 0.456057 0.409117 0.034561 0.034709
0 0.419844 0.440495 0.052474 0.056188
0 0.335128 0.576956 0.053107 0.077153
1 0.601599 0.433411 0.057084 0.059573
1 0.506485 0.576602 0.053583 0.075720
0 0.642392 0.610424 0.027270 0.029411
0 0.376844 0.638351 0.045975 0.061199
0 0.541625 0.506457 0.033303 0.045926
0 0.569792 0.338988 0.046580 0.059306
0 0.532515 0.698253 0.033931 0.046790
0 0.599054 0.658996 0.044340 0.064509
0 0.553431 0.574842 0.031887 0.039271
0 0.509043 0.656979 0.037183 0.035748
0 0.447793 0.556071 0.023228 0.027104
0 0.452029 0.478964 0.033939 0.032578
0 0.374613 0.497426 0.045334 0.050789
0 0.427740 0.524568 0.026692 0.033854
0 0.453996 0.506823 0.020816 0.023125
0 0.494627 0.473531 0.045411 0.043744
0 0.527583 0.485784 0.030066 0.043011