0 0.666801 0.466656 0.030613 0.037665
0 0.634221 0.395280 0.039535 0.060618
0 0.601898 0.373260 0.022728 0.031090
0 0.567837 0.387518 0.029883 0.059858
0 0.527396 0.416455 0.048529 0.055172
0 0.516153 0.380513 0.037887 0.047993
0 0.485061 0.376341 0.028593 0.032167
0 0.465439 0.338846 0.043547 0.036548
0 0.502529 0.309868 0.040443 0.036630
0 0.500008 0.280372 0.020787 0.028585
0 0.615697 0.450467 0.029073 0.039969
0 0.637829 0.470287 0.019540 0.026582
0 0.355695 0.418797 0.028432 0.057296
0 0.600450 0.489845 0.031922 0.051819
0 0.630514 0.497014 0.025855 0.026488
0 0.674008 0.529994 0.029731 0.034022
0 0.650610 0.526093 0.029257 0.060644
0 0.626756 0.552671 0.040211 0.081830
0 0.598103 0.553846 0.048506 0.060734
0 0.545762 0.531773 0.043121 0.057313
0 0.569470 0.483690 0.033405 0.041151
0 0.432464 0.646051 0.028410 0.044385
0 0.536043 0.455049 0.023752 0.026813
0 0.383954 0.442952 0.024548 0.026888
0 0.420216 0.402098 0.025027 0.029832
0 0.447017 0.414072 0.032127 0.032299
0 0.414193 0.448981 0.048386 0.052678
0 0.343836 0.593370 0.046682 0.074469
1 0.594278 0.423396 0.052812 0.055688
1 0.514264 0.575541 0.047340 0.072921
0 0.652911 0.595325 0.025122 0.027596
0 0.391597 0.650191 0.041044 0.058636
0 0.542067 0.502178 0.029552 0.044137
0 0.553007 0.332709 0.041888 0.056594
0 0.552566 0.693903 0.030109 0.044968
0 0.614754 0.648065 0.038966 0.062272
0 0.560785 0.569003 0.028825 0.037358
0 0.525007 0.655238 0.034745 0.033087
0 0.453784 0.561103 0.021166 0.025646
0 0.450133 0.483967 0.031720 0.030146
0 0.375004 0.510228 0.041549 0.047853
0 0.430623 0.531809 0.024018 0.032294
0 0.454932 0.511480 0.019100 0.021768
0 0.491956 0.474217 0.042423 0.040497
0 0.525990 0.483045 0.026504 0.041463