1 0.644633 0.497612 0.043859 0.062021
0 0.618281 0.349795 0.020781 0.042012
0 0.590223 0.474106 0.030508 0.051143
0 0.619707 0.476240 0.021758 0.028652
0 0.377328 0.380605 0.033406 0.027949
0 0.434777 0.359351 0.041961 0.039697
0 0.485551 0.374531 0.030164 0.035645
0 0.535945 0.329053 0.026250 0.029004
0 0.562445 0.359326 0.028703 0.069238
0 0.613465 0.394883 0.039367 0.035430
0 0.355891 0.350049 0.017563 0.025098
0 0.373906 0.348740 0.016594 0.025762
0 0.420312 0.324141 0.018844 0.020859
0 0.470422 0.339082 0.023813 0.021914
0 0.507852 0.343994 0.035078 0.071582
0 0.322422 0.389941 0.020469 0.053711
0 0.387418 0.305176 0.028602 0.027344
0 0.423289 0.280957 0.027172 0.032227
0 0.446965 0.286670 0.022680 0.030176
0 0.479496 0.289199 0.031320 0.039961
0 0.530180 0.292759 0.021984 0.031221
0 0.577113 0.318403 0.027023 0.037607
0 0.657762 0.384565 0.033070 0.035947
0 0.381699 0.685757 0.041414 0.036689
0 0.529344 0.662354 0.035375 0.039355
0 0.566566 0.739746 0.057336 0.034375
0 0.489922 0.522656 0.034531 0.040039
0 0.466672 0.501514 0.027438 0.022754
0 0.512195 0.492168 0.024672 0.031094
0 0.496273 0.459521 0.029953 0.036426
0 0.423941 0.482568 0.017414 0.036816
0 0.454945 0.464355 0.034328 0.036133
0 0.551664 0.528369 0.043078 0.050879
0 0.416676 0.538926 0.030398 0.025469
0 0.451027 0.546191 0.032133 0.030273
0 0.492520 0.567178 0.029805 0.044160
0 0.515824 0.601724 0.026461 0.025850
0 0.545117 0.605566 0.027812 0.063281
0 0.342203 0.475146 0.018766 0.020410
0 0.357539 0.442920 0.022422 0.031934
0 0.409109 0.409678 0.018656 0.022090
0 0.323387 0.442251 0.019477 0.029561
0 0.469836 0.421973 0.017203 0.023242
0 0.533578 0.415781 0.021406 0.022734
0 0.435512 0.626846 0.031273 0.034590
0 0.644016 0.618994 0.023844 0.051855