0 0.480651 0.668443 0.025471 0.031565
0 0.481174 0.668865 0.025410 0.032050
1 0.505605 0.361622 0.065676 0.044321
0 0.573588 0.348103 0.023516 0.031402
0 0.634298 0.469523 0.035082 0.034423
0 0.441017 0.388951 0.039176 0.035534
0 0.566391 0.429445 0.035241 0.035890
0 0.641295 0.577015 0.019354 0.022878
0 0.616390 0.561289 0.023219 0.027200
0 0.612827 0.521494 0.040407 0.030409
0 0.361200 0.492372 0.028153 0.034775
0 0.378002 0.512522 0.021416 0.030648
0 0.409424 0.523632 0.032980 0.046148
0 0.459640 0.568798 0.043694 0.049335
0 0.386733 0.554294 0.033027 0.031526
0 0.385205 0.612483 0.028372 0.038974
0 0.456195 0.620896 0.028173 0.030486
0 0.693301 0.608685 0.019292 0.023850
0 0.637420 0.602091 0.038626 0.042379
0 0.587779 0.588373 0.024266 0.030286
0 0.548120 0.589328 0.036959 0.044332
0 0.521480 0.616799 0.030507 0.044506
0 0.493770 0.597015 0.029987 0.047608
0 0.619766 0.642178 0.047763 0.036018
0 0.629271 0.689982 0.024091 0.041560
0 0.608493 0.713739 0.031504 0.048633
0 0.542796 0.682430 0.039584 0.043055
0 0.496704 0.647409 0.026331 0.028816
0 0.497925 0.696346 0.029944 0.030058
0 0.499002 0.730753 0.030098 0.029966
0 0.466304 0.703612 0.026252 0.030421
0 0.413186 0.577491 0.028526 0.043562
0 0.515286 0.446257 0.018918 0.024521
0 0.570716 0.490613 0.034140 0.041410
0 0.533120 0.471405 0.054383 0.058956
0 0.420522 0.479583 0.020645 0.024871
0 0.665302 0.437459 0.026144 0.040459
0 0.563955 0.383651 0.061073 0.041924
0 0.631076 0.386381 0.040075 0.041415
0 0.496687 0.416835 0.032030 0.037342
0 0.675933 0.495435 0.024336 0.032599
0 0.694039 0.536013 0.037145 0.052625
0 0.666108 0.559033 0.045090 0.037488
0 0.476290 0.499402 0.021093 0.025666
0 0.521967 0.523029 0.036494 0.029986
0 0.580166 0.541248 0.024898 0.036313