0 0.593256 0.594553 0.060123 0.030893
0 0.579589 0.620295 0.022032 0.030591
0 0.531873 0.638653 0.023300 0.027113
0 0.508906 0.603886 0.059304 0.038139
0 0.459922 0.559118 0.048503 0.047098
0 0.462299 0.454466 0.022106 0.044233
0 0.486987 0.398744 0.022583 0.024929
0 0.424776 0.642005 0.056587 0.040812
0 0.470709 0.629749 0.061471 0.058274
0 0.507482 0.674463 0.065206 0.037346
0 0.371448 0.356449 0.081101 0.039686
0 0.297932 0.433526 0.025428 0.061328
0 0.382429 0.338766 0.018431 0.020437
0 0.349519 0.301098 0.055466 0.043237
0 0.426187 0.330180 0.050174 0.050550
0 0.487050 0.346237 0.039880 0.057266
0 0.420974 0.606529 0.020925 0.026149
1 0.502222 0.525889 0.067135 0.116575
1 0.534302 0.436148 0.035259 0.071016
0 0.560629 0.416708 0.019517 0.032999
0 0.556590 0.371846 0.021733 0.024938
0 0.585077 0.370906 0.025836 0.040384
0 0.617443 0.355033 0.021353 0.032548
0 0.578771 0.322840 0.043726 0.052739
0 0.600985 0.275780 0.022532 0.036811
0 0.591771 0.432337 0.041511 0.067262
0 0.611141 0.464067 0.037837 0.099270
0 0.650314 0.458395 0.037752 0.075085
0 0.630809 0.540741 0.028941 0.060740
0 0.543547 0.535238 0.043815 0.030144
0 0.569252 0.565531 0.046401 0.043089
0 0.518949 0.497419 0.041201 0.045766
0 0.338421 0.400744 0.033404 0.023825
0 0.386276 0.404568 0.041544 0.047148
0 0.343782 0.446026 0.023010 0.047013
0 0.318762 0.487428 0.032619 0.041035
0 0.346372 0.518879 0.022172 0.031376
0 0.392423 0.655964 0.073416 0.070211
0 0.339162 0.618916 0.037833 0.057778
0 0.364671 0.579866 0.027474 0.055110
0 0.398405 0.559895 0.027144 0.041253
0 0.339258 0.546965 0.024483 0.025467
0 0.427236 0.503525 0.027206 0.040097
0 0.385669 0.468739 0.070657 0.087882
0 0.368725 0.456710 0.037947 0.028367