0 0.197689 0.597618 0.046405 0.049051
0 0.271571 0.699743 0.038679 0.043893
0 0.242930 0.642964 0.050643 0.065781
0 0.205379 0.636468 0.041210 0.042914
0 0.470055 0.440802 0.053075 0.061855
0 0.513640 0.389263 0.049456 0.058448
0 0.443877 0.396268 0.037002 0.042811
0 0.494479 0.314690 0.035127 0.039222
0 0.462045 0.323814 0.045466 0.059035
0 0.355474 0.330473 0.038099 0.052900
0 0.308692 0.318638 0.037386 0.049154
0 0.256631 0.348715 0.038306 0.041223
0 0.338771 0.395000 0.038915 0.047189
0 0.321588 0.415371 0.028424 0.033062
0 0.302861 0.407853 0.023992 0.033049
0 0.284951 0.420467 0.032380 0.040799
0 0.294923 0.452925 0.037498 0.044058
0 0.255068 0.413109 0.029536 0.036007
1 0.387430 0.471019 0.057548 0.098672
1 0.322252 0.649537 0.103638 0.075792
0 0.317809 0.814751 0.037454 0.040549
0 0.280946 0.788302 0.042148 0.045815
0 0.230754 0.751625 0.053966 0.056913
0 0.306046 0.729511 0.049552 0.050526
0 0.409027 0.700387 0.032401 0.034503
0 0.376555 0.686486 0.047459 0.056919
0 0.601761 0.468886 0.046667 0.077993
0 0.503757 0.520692 0.069153 0.065295
0 0.460256 0.487053 0.051149 0.046906
0 0.562778 0.425543 0.037295 0.047420
0 0.298957 0.565612 0.043403 0.046353
0 0.203729 0.436044 0.031960 0.037873
0 0.444659 0.700834 0.038403 0.039548
0 0.427601 0.667024 0.028294 0.037581
0 0.450873 0.668819 0.030105 0.035797
0 0.476574 0.662833 0.052444 0.074081
0 0.423318 0.624635 0.056512 0.046045
0 0.579272 0.597469 0.057588 0.047800
0 0.502871 0.579566 0.038895 0.056531
0 0.419469 0.471351 0.034971 0.038934
0 0.188131 0.524009 0.034568 0.039135
0 0.319693 0.598270 0.037362 0.040208
0 0.359357 0.493825 0.030450 0.038775
0 0.386561 0.547181 0.046021 0.058054
0 0.302824 0.523684 0.046733 0.047444