0 0.670634 0.456841 0.032016 0.054993
0 0.502648 0.319280 0.071549 0.069812
0 0.401781 0.535945 0.031939 0.051385
0 0.364743 0.526692 0.042788 0.039415
0 0.334103 0.524670 0.031561 0.036599
0 0.513300 0.352347 0.082670 0.073840
0 0.655535 0.507114 0.027312 0.033459
0 0.464614 0.322226 0.044125 0.036980
0 0.410340 0.355489 0.037636 0.034578
0 0.338490 0.396417 0.023643 0.028585
0 0.399279 0.427519 0.049064 0.069858
0 0.368821 0.420123 0.025562 0.027277
0 0.341194 0.458044 0.036937 0.080856
0 0.326196 0.468868 0.021859 0.027287
0 0.432897 0.485001 0.043092 0.036333
0 0.379537 0.482090 0.038035 0.048527
0 0.607428 0.361998 0.030880 0.056484
0 0.585557 0.404529 0.036852 0.041266
0 0.626378 0.429029 0.037189 0.066705
0 0.555280 0.483727 0.032622 0.054551
0 0.595451 0.479477 0.027446 0.039503
0 0.457925 0.562915 0.051384 0.058558
0 0.445126 0.609045 0.037190 0.058093
0 0.635292 0.585178 0.030974 0.061095
0 0.605324 0.565552 0.039252 0.058026
0 0.577104 0.578050 0.032469 0.036462
0 0.404851 0.670992 0.060027 0.055612
0 0.379029 0.575391 0.031826 0.046233
0 0.367402 0.612122 0.032874 0.033325
0 0.612167 0.669196 0.036275 0.049494
0 0.634244 0.628445 0.027477 0.032008
0 0.514512 0.654612 0.029534 0.035820
0 0.490802 0.666358 0.055282 0.081488
0 0.598206 0.632750 0.027938 0.031659
0 0.569771 0.654722 0.034004 0.045484
0 0.541026 0.629855 0.042271 0.054720
0 0.419457 0.624045 0.032751 0.049194
0 0.419867 0.304433 0.054928 0.039283
1 0.532075 0.416639 0.068230 0.051037
1 0.485980 0.470784 0.051095 0.058754
0 0.377164 0.341647 0.024396 0.031338
0 0.471281 0.536551 0.027691 0.031919
0 0.492810 0.524398 0.060731 0.079731
0 0.518838 0.508437 0.032586 0.036216
0 0.585331 0.521117 0.076743 0.048743
0 0.508640 0.585119 0.054756 0.051013
0 0.521540 0.387296 0.024696 0.029579