0 0.433224 0.631649 0.026452 0.029863
0 0.404130 0.606851 0.029029 0.033243
0 0.398378 0.560306 0.025255 0.029455
0 0.372606 0.569390 0.031378 0.050915
0 0.543463 0.595460 0.059388 0.039343
0 0.480629 0.589955 0.045480 0.056314
0 0.435648 0.560684 0.040970 0.081078
0 0.653941 0.479454 0.048973 0.057527
0 0.596931 0.181967 0.029409 0.039243
0 0.555770 0.227522 0.047305 0.064558
0 0.454829 0.194189 0.039463 0.044007
0 0.496991 0.246769 0.047236 0.062141
0 0.433942 0.255337 0.059008 0.067267
0 0.700559 0.390064 0.041509 0.055421
0 0.680123 0.339748 0.035759 0.043935
0 0.629611 0.341671 0.064235 0.104547
0 0.603752 0.308016 0.028189 0.033319
0 0.561137 0.337568 0.048397 0.081949
0 0.488554 0.386628 0.051917 0.043419
0 0.484254 0.338470 0.050147 0.044723
0 0.438649 0.303410 0.039054 0.037496
0 0.395234 0.310951 0.041033 0.050628
0 0.322744 0.346500 0.070907 0.098235
0 0.474443 0.463720 0.032566 0.035933
0 0.713949 0.510968 0.045969 0.043257
1 0.383149 0.516294 0.043212 0.040900
0 0.601574 0.474970 0.056694 0.068601
0 0.555907 0.461916 0.031265 0.032167
0 0.539188 0.515114 0.037701 0.043092
0 0.436263 0.396662 0.050521 0.075506
0 0.376879 0.408342 0.040519 0.080891
0 0.406930 0.449620 0.034084 0.064481
0 0.311584 0.436558 0.049913 0.040976
0 0.330861 0.487817 0.058286 0.064773
0 0.322286 0.551116 0.059230 0.044409
0 0.334373 0.640644 0.024453 0.030860
0 0.296788 0.643510 0.041658 0.048626
0 0.523347 0.768104 0.025068 0.026944
0 0.547790 0.718727 0.032883 0.056980
0 0.510830 0.706269 0.047429 0.087616
0 0.455351 0.695931 0.030406 0.055084
0 0.631109 0.556074 0.039184 0.041258
0 0.585175 0.563210 0.047894 0.042813
0 0.516546 0.555719 0.032166 0.038027
0 0.463684 0.648649 0.034070 0.049129
1 0.502191 0.478896 0.069218 0.107753
0 0.455218 0.696121 0.030952 0.056085