0 0.316230 0.493994 0.027852 0.039941
0 0.341445 0.478955 0.018187 0.016113
0 0.627941 0.625732 0.028539 0.050098
0 0.562422 0.708203 0.021563 0.028125
1 0.642734 0.459590 0.040937 0.051328
1 0.432824 0.633594 0.030758 0.055078
1 0.444765 0.513623 0.047500 0.062402
0 0.412656 0.725000 0.026094 0.040039
0 0.394531 0.690381 0.027031 0.027637
0 0.296328 0.630566 0.020000 0.026367
0 0.541796 0.678125 0.026250 0.030664
0 0.381922 0.644043 0.022750 0.066797
0 0.298320 0.572852 0.022578 0.052734
0 0.346406 0.588008 0.047812 0.047109
0 0.340195 0.623682 0.045391 0.044238
0 0.337507 0.654932 0.039859 0.037012
0 0.316050 0.534229 0.030070 0.025488
0 0.341679 0.537402 0.018672 0.041992
0 0.365039 0.530029 0.019609 0.044434
0 0.398250 0.575195 0.024469 0.065625
0 0.450820 0.605386 0.021953 0.021904
0 0.461687 0.578662 0.047250 0.062012
0 0.483906 0.629492 0.042188 0.037500
0 0.614648 0.668848 0.023047 0.025391
0 0.561289 0.632422 0.064766 0.035156
0 0.643593 0.644336 0.016094 0.024414
0 0.363515 0.466162 0.021875 0.051074
0 0.331000 0.450488 0.022313 0.026172
0 0.372109 0.406055 0.018750 0.054688
0 0.442500 0.419531 0.018906 0.031250
0 0.470054 0.423096 0.025734 0.035645
0 0.449722 0.377607 0.047727 0.036855
0 0.503644 0.428857 0.026820 0.033301
0 0.480429 0.458740 0.017578 0.024512
0 0.519921 0.441162 0.019219 0.023340
0 0.673265 0.413940 0.041594 0.027490
0 0.508531 0.477490 0.060969 0.055176
0 0.530937 0.518945 0.026250 0.050977
0 0.550156 0.483350 0.021250 0.037988
0 0.553773 0.559229 0.053078 0.031348
0 0.594531 0.468579 0.017656 0.020947
0 0.584882 0.501167 0.022734 0.044189
0 0.631117 0.491113 0.032266 0.046094
0 0.668242 0.554297 0.023203 0.034375
0 0.637422 0.561475 0.031562 0.057520
0 0.585238 0.585791 0.056727 0.055371
0 0.602855 0.611045 0.037742 0.031855