0 0.704699 0.540195 0.028422 0.040336
0 0.679271 0.554871 0.018416 0.016372
0 0.394908 0.404002 0.029254 0.050502
0 0.461603 0.322478 0.021964 0.028431
1 0.377735 0.569914 0.041669 0.051910
1 0.590118 0.398938 0.031544 0.055513
1 0.576458 0.518725 0.048390 0.063077
0 0.611594 0.307830 0.026665 0.040409
0 0.629221 0.342705 0.027424 0.028022
0 0.726557 0.403922 0.020376 0.026651
0 0.481796 0.352849 0.026687 0.031037
0 0.641165 0.389219 0.023705 0.067116
0 0.723737 0.461601 0.023332 0.053052
0 0.675874 0.445758 0.048482 0.047790
0 0.682595 0.410176 0.046021 0.044884
0 0.685731 0.378968 0.040385 0.037580
0 0.705456 0.499966 0.030432 0.025916
0 0.679875 0.496426 0.019272 0.042255
0 0.656411 0.503464 0.020244 0.044711
0 0.623851 0.457826 0.025407 0.065969
0 0.571720 0.426885 0.022265 0.022216
0 0.560471 0.453450 0.048134 0.062683
0 0.538983 0.402307 0.042721 0.038101
0 0.408818 0.361081 0.023409 0.025719
0 0.461649 0.398268 0.065263 0.036081
0 0.379525 0.385175 0.016442 0.024642
0 0.657020 0.567346 0.022605 0.051382
0 0.689307 0.583484 0.022686 0.026489
0 0.647565 0.627324 0.019532 0.054951
0 0.577374 0.612840 0.019352 0.031518
0 0.549874 0.608880 0.026242 0.036010
0 0.569552 0.654656 0.048250 0.037535
0 0.516370 0.602638 0.027295 0.033682
0 0.540011 0.573091 0.017928 0.024761
0 0.500271 0.590101 0.019552 0.023613
0 0.346553 0.615122 0.041984 0.028083
0 0.512181 0.553940 0.061754 0.056044
0 0.490372 0.512168 0.026978 0.051348
0 0.470644 0.547484 0.021792 0.038289
0 0.468115 0.471561 0.053522 0.032106
0 0.426062 0.561617 0.017955 0.021198
0 0.436177 0.529171 0.023365 0.044510
0 0.389803 0.538561 0.032923 0.046552
0 0.353587 0.474851 0.023693 0.034704
0 0.384507 0.468116 0.032383 0.057967
0 0.437034 0.444551 0.057515 0.056179
0 0.419781 0.419047 0.038195 0.032393