0 0.508039 0.525247 0.076946 0.065383
0 0.544671 0.685677 0.030138 0.044759
0 0.410301 0.697659 0.064129 0.072969
0 0.379869 0.691453 0.031396 0.032982
0 0.359570 0.693850 0.095585 0.098715
0 0.311803 0.672541 0.046903 0.075399
0 0.674833 0.387113 0.053545 0.044244
0 0.672954 0.430541 0.026231 0.028338
0 0.626338 0.433966 0.048586 0.051301
0 0.533239 0.363620 0.019551 0.020130
0 0.554428 0.340880 0.029433 0.032175
0 0.524326 0.314371 0.032035 0.042397
0 0.424452 0.312569 0.035863 0.043310
0 0.620984 0.536913 0.043345 0.045787
0 0.581840 0.559784 0.042302 0.054347
0 0.333337 0.384863 0.053881 0.063063
0 0.496958 0.416197 0.047184 0.090054
0 0.482468 0.365213 0.045702 0.066069
0 0.348473 0.438700 0.033559 0.059385
0 0.544522 0.485626 0.027471 0.031930
0 0.435682 0.602915 0.035191 0.031659
0 0.433378 0.654817 0.035458 0.054550
0 0.430359 0.371300 0.030640 0.038887
0 0.396633 0.347757 0.025395 0.032738
0 0.572981 0.464335 0.037700 0.033294
0 0.518016 0.459585 0.033788 0.040493
0 0.608756 0.471527 0.032902 0.058061
0 0.640421 0.503906 0.050177 0.044748
0 0.649227 0.599088 0.036757 0.043808
0 0.642871 0.562640 0.067540 0.071715
0 0.444319 0.522450 0.023137 0.032690
0 0.601621 0.682166 0.027334 0.028275
0 0.611720 0.644144 0.021945 0.027712
0 0.591340 0.629816 0.038962 0.057593
0 0.554303 0.626195 0.059467 0.062327
0 0.541870 0.597075 0.033603 0.053050
0 0.271176 0.556135 0.045159 0.055525
0 0.505049 0.679532 0.059823 0.061772
0 0.482349 0.364486 0.046058 0.066692
1 0.585485 0.334476 0.046679 0.111622
0 0.370116 0.472965 0.071532 0.089658
0 0.412012 0.486418 0.052230 0.065524
0 0.414587 0.528403 0.029871 0.031013
0 0.478956 0.721385 0.025561 0.032177
0 0.335396 0.604084 0.051057 0.043094
0 0.381651 0.635680 0.070792 0.069374
0 0.479848 0.592209 0.038166 0.038655
0 0.478072 0.563805 0.025108 0.030137
0 0.448343 0.558105 0.047004 0.063639