0 0.321993 0.549302 0.031328 0.038506
0 0.386719 0.315644 0.030312 0.050156
0 0.342828 0.251562 0.023781 0.076172
0 0.465344 0.261196 0.030063 0.074873
0 0.550743 0.265674 0.036953 0.029395
1 0.610625 0.416748 0.029219 0.036621
0 0.362750 0.447710 0.033469 0.045439
0 0.289102 0.465215 0.044297 0.047891
0 0.294828 0.504199 0.039031 0.035156
0 0.369422 0.328174 0.025875 0.046777
0 0.404286 0.671455 0.045914 0.036660
0 0.391735 0.639341 0.037531 0.028740
0 0.345766 0.636211 0.025781 0.024844
0 0.319797 0.603467 0.032437 0.038965
0 0.415188 0.527622 0.020812 0.037529
0 0.429289 0.614453 0.044234 0.076367
0 0.453672 0.602783 0.018906 0.025293
0 0.455703 0.569238 0.027188 0.037109
0 0.443004 0.347729 0.028195 0.034424
0 0.413457 0.318750 0.026227 0.056641
1 0.328668 0.408315 0.028445 0.073213
0 0.295911 0.324170 0.019789 0.025293
0 0.283231 0.548818 0.028023 0.033047
0 0.248754 0.530810 0.028133 0.038574
0 0.483332 0.706396 0.054398 0.050117
0 0.330086 0.676655 0.025219 0.030479
0 0.549055 0.505107 0.018891 0.030215
0 0.355000 0.182422 0.049375 0.043750
0 0.408016 0.270801 0.023328 0.033594
0 0.424621 0.380439 0.022523 0.029355
0 0.568735 0.395483 0.029500 0.045361
1 0.503879 0.387744 0.039164 0.028613
0 0.441106 0.197036 0.031117 0.030146
0 0.370036 0.268213 0.027102 0.041113
0 0.534879 0.427734 0.027539 0.065039
0 0.552309 0.311870 0.036336 0.034658
0 0.528692 0.350049 0.034883 0.051660
0 0.607926 0.505127 0.034305 0.054004
0 0.459004 0.522221 0.032398 0.027822
0 0.494895 0.587138 0.051195 0.037441
0 0.468090 0.643637 0.033523 0.078350
0 0.501977 0.728760 0.019328 0.024707
0 0.300176 0.433999 0.045898 0.055439
0 0.301758 0.370166 0.035391 0.055176
0 0.578516 0.483388 0.030625 0.084355