0 0.662635 0.486521 0.052770 0.057330
0 0.734892 0.540829 0.071435 0.068269
0 0.790259 0.533440 0.034844 0.033218
0 0.784225 0.442415 0.026808 0.049101
0 0.845375 0.466921 0.037121 0.028089
0 0.770487 0.480167 0.054904 0.037977
0 0.707196 0.427509 0.089587 0.056969
0 0.648757 0.354490 0.044735 0.077859
0 0.679680 0.303664 0.040594 0.044765
0 0.699233 0.345252 0.049640 0.044685
0 0.743573 0.366886 0.065832 0.064044
0 0.669549 0.261583 0.056091 0.030442
0 0.410221 0.147186 0.101024 0.061866
0 0.457869 0.194928 0.073863 0.085862
0 0.560741 0.239533 0.051602 0.046549
0 0.533409 0.180530 0.036497 0.089202
0 0.637118 0.735575 0.057975 0.051809
0 0.540079 0.679708 0.058683 0.057483
0 0.141116 0.440885 0.049272 0.085257
0 0.222092 0.403932 0.049439 0.031647
0 0.368074 0.471829 0.059328 0.094808
0 0.238670 0.313891 0.068638 0.091248
0 0.605472 0.542207 0.028352 0.067235
0 0.887351 0.554562 0.045807 0.074822
0 0.849434 0.525332 0.025724 0.032756
0 0.750682 0.585209 0.070304 0.066255
0 0.609072 0.471612 0.033973 0.040797
0 0.649876 0.453455 0.027145 0.039191
0 0.570944 0.336442 0.049607 0.041362
0 0.399692 0.385484 0.061679 0.054710
0 0.442785 0.348743 0.036545 0.049396
0 0.490179 0.335362 0.038298 0.053607
0 0.130983 0.921334 0.030879 0.040768
0 0.284561 0.750839 0.026552 0.030878
0 0.325711 0.747092 0.029253 0.027442
0 0.297805 0.676611 0.027351 0.049175
0 0.409985 0.779291 0.068831 0.088008
0 0.230156 0.584152 0.023411 0.033830
0 0.363026 0.617072 0.043599 0.091244
0 0.427052 0.564196 0.069217 0.078451
0 0.550405 0.619005 0.030507 0.050806
0 0.506575 0.648054 0.053607 0.062623
0 0.635322 0.653549 0.030263 0.044798
0 0.736194 0.671746 0.055953 0.061088
0 0.531923 0.300373 0.053911 0.053239
1 0.657418 0.614192 0.157645 0.057467