0 0.554840 0.637051 0.024184 0.027964
0 0.586018 0.614931 0.026496 0.031167
0 0.595874 0.569078 0.023003 0.027658
0 0.620740 0.580413 0.027276 0.048928
0 0.448244 0.591230 0.056820 0.034604
0 0.511319 0.591318 0.041127 0.053134
0 0.558718 0.566151 0.034283 0.078733
0 0.348487 0.465885 0.044569 0.054049
0 0.431649 0.174625 0.026337 0.037235
0 0.468610 0.223650 0.042232 0.061352
0 0.572109 0.199399 0.036128 0.041164
0 0.525451 0.248033 0.042382 0.058900
0 0.587491 0.262158 0.053888 0.063041
0 0.309978 0.372714 0.037169 0.052587
0 0.334795 0.324409 0.032368 0.041428
0 0.384938 0.330802 0.055807 0.100483
0 0.413679 0.299573 0.025636 0.031320
0 0.453506 0.332787 0.041758 0.078941
0 0.521453 0.388089 0.048850 0.039431
0 0.530006 0.340503 0.046930 0.040919
0 0.578540 0.309624 0.036306 0.034579
0 0.621116 0.320984 0.037121 0.047756
0 0.690168 0.362821 0.063169 0.093456
0 0.528673 0.466129 0.029849 0.033580
0 0.285921 0.491954 0.042814 0.039809
1 0.614946 0.526591 0.040224 0.037663
0 0.401046 0.466062 0.051413 0.064609
0 0.447690 0.457109 0.028869 0.029868
0 0.459627 0.511580 0.034419 0.040394
0 0.572649 0.402721 0.044505 0.072195
0 0.630763 0.419620 0.033841 0.078584
0 0.597170 0.458070 0.028792 0.062479
0 0.693299 0.453514 0.047034 0.037129
0 0.669553 0.502862 0.053381 0.060571
0 0.672482 0.566672 0.056198 0.039772
0 0.652504 0.654776 0.022059 0.029160
0 0.689687 0.660963 0.037940 0.045663
0 0.452973 0.764978 0.023042 0.025121
0 0.433005 0.713628 0.028254 0.054959
0 0.470923 0.704496 0.040257 0.084794
0 0.527100 0.699118 0.025907 0.053256
0 0.364436 0.544229 0.036095 0.038394
0 0.409556 0.555409 0.044812 0.039182
0 0.478579 0.554032 0.029252 0.035747
0 0.522993 0.651283 0.030176 0.046866
1 0.499689 0.478784 0.060584 0.103290
0 0.527216 0.699320 0.026371 0.054224