0 0.687505 0.309529 0.029594 0.042555
0 0.653180 0.266530 0.029167 0.040437
0 0.364298 0.284221 0.028860 0.034016
0 0.440680 0.280396 0.042105 0.054508
0 0.414342 0.155806 0.044342 0.097404
0 0.524068 0.191393 0.041557 0.086885
0 0.633838 0.160820 0.064167 0.069344
0 0.825548 0.210929 0.042982 0.061475
0 0.724342 0.852049 0.055482 0.074590
0 0.526760 0.376462 0.040779 0.038989
0 0.907456 0.333402 0.025439 0.033743
0 0.622319 0.865232 0.027511 0.049044
0 0.932840 0.355191 0.080592 0.075410
0 0.427610 0.327664 0.026096 0.037842
0 0.351645 0.314481 0.020833 0.024317
0 0.757950 0.920150 0.036732 0.037568
0 0.927248 0.872725 0.025768 0.029604
0 0.666118 0.737022 0.027193 0.032787
0 0.634512 0.757930 0.027489 0.032254
0 0.570066 0.843033 0.031140 0.073224
0 0.541294 0.823087 0.028816 0.044262
0 0.451014 0.835656 0.044792 0.067213
0 0.475844 0.734016 0.052039 0.048361
0 0.779578 0.959631 0.053454 0.037842
0 0.377961 0.508292 0.073465 0.090902
0 0.341765 0.447370 0.033311 0.082445
0 0.281206 0.466059 0.049474 0.075287
1 0.636184 0.488941 0.047478 0.083593
0 0.567473 0.411277 0.040735 0.051516
0 0.594024 0.359631 0.029057 0.058607
0 0.657900 0.576161 0.048893 0.037842
1 0.717758 0.548784 0.072533 0.159208
0 0.958180 0.945765 0.032368 0.036885
0 0.585252 0.668579 0.027961 0.062842
0 0.866743 0.536270 0.056206 0.074180
0 0.909978 0.486182 0.026535 0.063893
0 0.465789 0.659016 0.037281 0.039617
0 0.425060 0.646448 0.037401 0.037158
0 0.393207 0.636270 0.025208 0.038934
0 0.363492 0.633470 0.032884 0.037158
0 0.613882 0.570827 0.045066 0.033730
1 0.509062 0.584850 0.036042 0.036093
0 0.548377 0.570505 0.036579 0.122295
0 0.450806 0.528518 0.032752 0.064276
0 0.497917 0.453074 0.027632 0.033743