0 0.519679 0.486301 0.077473 0.066180
0 0.485422 0.647255 0.030657 0.044936
0 0.619954 0.657250 0.064869 0.073504
0 0.650291 0.650594 0.031714 0.033263
0 0.670623 0.652690 0.096525 0.099582
0 0.718070 0.630678 0.047804 0.075636
0 0.350861 0.350647 0.053892 0.044808
0 0.353382 0.394043 0.026509 0.028567
0 0.400044 0.396778 0.049082 0.051734
0 0.492092 0.325064 0.019742 0.020307
0 0.470569 0.302640 0.029751 0.032430
0 0.500276 0.275688 0.032502 0.042623
0 0.600113 0.272410 0.036318 0.043592
0 0.406918 0.499635 0.043788 0.046173
0 0.446396 0.521924 0.042892 0.054656
0 0.692287 0.343349 0.054532 0.063500
0 0.529147 0.377098 0.048322 0.090192
0 0.542881 0.325907 0.046460 0.066351
0 0.677948 0.397404 0.034292 0.059516
0 0.482614 0.447223 0.027799 0.032154
0 0.593176 0.562891 0.035461 0.032011
0 0.596246 0.614753 0.036100 0.054746
0 0.595075 0.331223 0.031059 0.039114
0 0.628449 0.307183 0.025751 0.032923
0 0.453844 0.426355 0.037979 0.033676
0 0.508733 0.420793 0.034212 0.040760
0 0.418179 0.434076 0.033619 0.058191
0 0.386996 0.466919 0.050555 0.045252
0 0.379597 0.562220 0.037214 0.044100
0 0.385414 0.525682 0.068237 0.072313
0 0.583351 0.482562 0.023508 0.032838
0 0.428427 0.644585 0.027604 0.028522
0 0.417767 0.606717 0.022243 0.027876
0 0.437932 0.592090 0.039628 0.057825
0 0.474912 0.587921 0.060067 0.062860
0 0.486913 0.558621 0.034233 0.053226
0 0.756973 0.513684 0.045748 0.055872
0 0.524949 0.640524 0.060411 0.062314
0 0.542990 0.325178 0.046823 0.066975
1 0.439422 0.296695 0.048173 0.111601
0 0.656814 0.431986 0.072493 0.090197
0 0.615121 0.446057 0.052933 0.065916
0 0.613167 0.488075 0.030167 0.031283
0 0.551658 0.681987 0.025907 0.032369
0 0.693468 0.562577 0.051402 0.043625
0 0.647685 0.594853 0.071427 0.070042
0 0.548856 0.552839 0.038529 0.039007
0 0.550212 0.524411 0.025424 0.030335
0 0.579854 0.518273 0.047713 0.063959