0 0.617365 0.295068 0.055337 0.069217
1 0.258292 0.600564 0.053932 0.128233
1 0.481956 0.424653 0.073011 0.064539
0 0.487092 0.610900 0.042326 0.085346
0 0.560814 0.652357 0.084033 0.078488
0 0.634476 0.667716 0.024838 0.031895
0 0.594414 0.602067 0.036538 0.057684
0 0.649600 0.616698 0.037820 0.044360
0 0.656785 0.576883 0.048767 0.042310
0 0.712081 0.576934 0.060331 0.084624
0 0.767694 0.582968 0.073373 0.081914
0 0.590858 0.543903 0.033441 0.042483
0 0.649133 0.499614 0.034524 0.040176
0 0.320101 0.456500 0.034518 0.038292
0 0.351900 0.467012 0.034928 0.061566
0 0.399741 0.450523 0.029497 0.041193
0 0.450964 0.483419 0.051626 0.063662
0 0.489163 0.521265 0.050500 0.076590
0 0.669382 0.428258 0.033326 0.044778
0 0.748287 0.431405 0.036540 0.062644
0 0.545721 0.399569 0.032758 0.045347
0 0.854308 0.995269 0.034188 0.009463
0 0.692910 0.359204 0.046540 0.052069
0 0.615292 0.387155 0.035722 0.039436
0 0.502362 0.248483 0.029033 0.034233
0 0.540560 0.269406 0.044235 0.039527
0 0.341748 0.396438 0.053874 0.058674
0 0.637053 0.231643 0.047249 0.075269
0 0.587396 0.262822 0.027683 0.033458
0 0.527756 0.329330 0.052577 0.054311
0 0.373231 0.324112 0.030371 0.036160
0 0.427333 0.365888 0.062551 0.048599
0 0.419533 0.320264 0.049157 0.044385
1 0.568151 0.303376 0.025042 0.036328
0 0.473538 0.767699 0.034526 0.054407
1 0.618466 0.449667 0.063843 0.057394
0 0.341460 0.740316 0.046602 0.063376
0 0.408051 0.761913 0.059258 0.081835
0 0.526774 0.761376 0.035979 0.059270
0 0.582655 0.717364 0.078427 0.044198
0 0.333932 0.589207 0.034568 0.051984
0 0.457979 0.639627 0.030724 0.037121
0 0.350290 0.623202 0.040984 0.041202
0 0.424147 0.589814 0.041908 0.087078
0 0.368562 0.685896 0.040663 0.049039
0 0.433543 0.677962 0.027603 0.035498