0 0.467874 0.693833 0.062675 0.055541
0 0.540265 0.695128 0.044678 0.049267
0 0.608878 0.673873 0.054856 0.072374
0 0.556142 0.649601 0.044947 0.045357
0 0.544065 0.600785 0.053278 0.063643
0 0.561975 0.476359 0.038027 0.044816
0 0.440117 0.345470 0.049876 0.071105
0 0.333662 0.584454 0.043372 0.075534
0 0.678354 0.324037 0.062856 0.097798
0 0.620829 0.357145 0.044087 0.050679
0 0.577800 0.324079 0.038598 0.039860
1 0.564595 0.264068 0.140623 0.117199
0 0.415146 0.224020 0.074416 0.058426
0 0.485455 0.283655 0.063291 0.066709
0 0.277573 0.344704 0.042058 0.061609
0 0.332221 0.350616 0.045520 0.087381
0 0.318360 0.430706 0.049443 0.070184
0 0.380523 0.364627 0.051131 0.085958
0 0.556319 0.205003 0.062971 0.064932
0 0.519695 0.398621 0.086674 0.094255
0 0.566363 0.426472 0.085514 0.066929
0 0.742554 0.434221 0.035261 0.041542
0 0.672309 0.403061 0.071177 0.060041
0 0.293012 0.494315 0.032903 0.036126
0 0.660885 0.461275 0.093169 0.064844
0 0.722545 0.475650 0.039238 0.040004
0 0.738859 0.518534 0.063911 0.061170
0 0.744063 0.583260 0.045053 0.047922
0 0.655979 0.546622 0.047555 0.056123
0 0.603182 0.605559 0.046801 0.053613
0 0.275865 0.536218 0.048881 0.058501
0 0.588390 0.754018 0.038727 0.059603
0 0.537390 0.749641 0.044687 0.064733
0 0.342355 0.686827 0.068741 0.058971
0 0.367117 0.744854 0.037880 0.042793
0 0.461288 0.472606 0.035256 0.044349
0 0.515494 0.498476 0.041238 0.046540
0 0.402419 0.491401 0.071195 0.071136
0 0.458465 0.517419 0.057786 0.048990
0 0.368539 0.540578 0.033700 0.038200
0 0.457516 0.620756 0.036009 0.048810
0 0.495399 0.628180 0.033204 0.039423
0 0.527860 0.548729 0.067511 0.055709
0 0.543961 0.600749 0.051166 0.063028
0 0.377901 0.581858 0.047163 0.049499
0 0.413570 0.557412 0.048718 0.050383
0 0.426671 0.611148 0.028185 0.038550