0 0.342477 0.462634 0.055602 0.059756
0 0.256238 0.489714 0.074629 0.071746
0 0.206512 0.464270 0.036397 0.034916
0 0.242577 0.380478 0.029615 0.049919
0 0.176755 0.383171 0.038275 0.030049
0 0.242929 0.420651 0.056367 0.040950
0 0.320165 0.392134 0.091632 0.061923
0 0.399622 0.342804 0.049140 0.079309
0 0.387434 0.284572 0.042819 0.046617
0 0.355123 0.317250 0.051671 0.047158
0 0.306106 0.322846 0.068854 0.067226
0 0.411028 0.248285 0.057014 0.033653
0 0.693667 0.226993 0.103167 0.067502
0 0.632817 0.256095 0.078212 0.089141
0 0.520957 0.263812 0.053720 0.049118
0 0.566413 0.217313 0.041850 0.089852
0 0.283413 0.705925 0.060322 0.054706
0 0.393534 0.685646 0.061404 0.060310
0 0.849326 0.593663 0.054089 0.086864
0 0.785325 0.531803 0.050582 0.034377
0 0.625053 0.547089 0.064591 0.096906
0 0.799747 0.441392 0.073465 0.094057
0 0.377778 0.534204 0.032369 0.067784
0 0.107937 0.451779 0.049982 0.076408
0 0.153435 0.436879 0.027434 0.033839
0 0.226542 0.526279 0.073385 0.069697
0 0.397944 0.466455 0.036063 0.042278
0 0.365540 0.435722 0.029266 0.040237
0 0.478997 0.351760 0.051411 0.043902
0 0.624064 0.455142 0.064147 0.057800
0 0.595704 0.406126 0.039170 0.050875
0 0.555492 0.377696 0.041175 0.055119
0 0.610664 0.837973 0.028117 0.032057
0 0.573123 0.820708 0.030526 0.028876
0 0.622951 0.763582 0.030152 0.050029
0 0.482935 0.822936 0.073431 0.090898
0 0.717579 0.699000 0.025243 0.034732
0 0.581339 0.685689 0.048944 0.092339
0 0.538631 0.614477 0.073155 0.081566
0 0.404058 0.624978 0.033354 0.051842
0 0.435681 0.666988 0.056785 0.064997
0 0.312481 0.629201 0.032704 0.045942
0 0.211320 0.612690 0.058977 0.063654
0 0.527819 0.330781 0.056439 0.055828
1 0.304786 0.584726 0.158314 0.067073