0 0.376576 0.492768 0.028578 0.022773
0 0.400830 0.806728 0.023039 0.020811
0 0.691443 0.737577 0.037875 0.066104
0 0.645436 0.586410 0.054453 0.036816
0 0.671818 0.539843 0.025891 0.051045
1 0.345232 0.326864 0.083891 0.064600
0 0.469713 0.874345 0.053070 0.063057
0 0.386338 0.778944 0.035633 0.036924
0 0.346217 0.793539 0.017266 0.030176
0 0.392748 0.738812 0.036578 0.054512
0 0.387951 0.679901 0.045516 0.067021
0 0.216166 0.700033 0.031227 0.082227
0 0.335369 0.638832 0.046977 0.025312
0 0.311322 0.598861 0.048727 0.034375
0 0.541143 0.736825 0.020227 0.029893
0 0.573018 0.588070 0.043352 0.046191
0 0.210506 0.489682 0.050859 0.051562
0 0.647584 0.541684 0.037344 0.041504
0 0.640025 0.504506 0.034805 0.053281
0 0.564342 0.518051 0.038516 0.026660
0 0.534186 0.562445 0.034766 0.028145
0 0.584041 0.464682 0.023180 0.029687
0 0.401432 0.524057 0.055039 0.054492
0 0.408342 0.475683 0.060266 0.084111
0 0.516365 0.454057 0.088531 0.038125
0 0.508674 0.422162 0.029992 0.051289
0 0.472033 0.433676 0.047664 0.036621
0 0.551088 0.349398 0.027680 0.040723
0 0.558557 0.698959 0.030555 0.054688
0 0.417494 0.826205 0.021898 0.021484
0 0.496428 0.691991 0.029938 0.022842
1 0.396311 0.567626 0.049766 0.024053
0 0.577951 0.627768 0.045109 0.041797
0 0.484721 0.601693 0.031164 0.029102
0 0.425674 0.804867 0.016336 0.016699
0 0.448443 0.657782 0.028750 0.026826
0 0.523451 0.631151 0.027984 0.094463
0 0.536361 0.342377 0.023914 0.031367
0 0.487154 0.289779 0.027734 0.034570
0 0.459682 0.314975 0.032836 0.045117
0 0.496037 0.359154 0.037891 0.034453
0 0.496662 0.335180 0.023359 0.020684
0 0.453053 0.374496 0.037812 0.049902
0 0.413650 0.366439 0.045258 0.079297
0 0.340494 0.422201 0.077773 0.064648
0 0.352807 0.371391 0.049039 0.033926
0 0.537639 0.684467 0.027219 0.054414