0 0.494834 0.716465 0.056277 0.056344
0 0.563537 0.662222 0.040882 0.053575
0 0.558159 0.567522 0.053805 0.065486
0 0.521174 0.563429 0.049318 0.079236
0 0.466361 0.430550 0.050593 0.047962
0 0.685738 0.599349 0.040588 0.038131
0 0.676230 0.544158 0.054584 0.045966
0 0.625993 0.543565 0.044780 0.058588
0 0.618158 0.495326 0.032586 0.034324
0 0.627427 0.447716 0.044146 0.046288
0 0.344422 0.555050 0.041975 0.068695
1 0.779988 0.632077 0.089713 0.076560
0 0.817162 0.597543 0.035696 0.041650
0 0.856867 0.586229 0.051975 0.063429
0 0.784138 0.465188 0.093805 0.078144
0 0.796693 0.348911 0.034422 0.037511
0 0.702807 0.323944 0.083568 0.083004
0 0.619782 0.360435 0.028953 0.035080
0 0.643795 0.373566 0.049143 0.066077
0 0.543324 0.197721 0.061991 0.105662
0 0.601325 0.191453 0.036381 0.049798
0 0.435158 0.208327 0.044725 0.069785
0 0.466039 0.228244 0.045895 0.063861
0 0.527326 0.329481 0.054337 0.041366
0 0.398863 0.320023 0.056196 0.056335
0 0.369399 0.374641 0.035622 0.044939
0 0.396754 0.448279 0.070047 0.060027
0 0.394588 0.493093 0.059068 0.045082
0 0.477631 0.487301 0.032234 0.037416
0 0.492863 0.766493 0.072943 0.063130
0 0.447657 0.811180 0.042329 0.056781
0 0.468345 0.959186 0.052253 0.045343
0 0.328504 0.916769 0.043602 0.045357
0 0.416217 0.936620 0.049447 0.087480
0 0.690326 0.819023 0.048778 0.071702
0 0.723282 0.755143 0.070396 0.070046
0 0.613602 0.661420 0.034828 0.042558
0 0.687846 0.719646 0.068099 0.110849
0 0.637638 0.713043 0.038232 0.042635
0 0.387941 0.723585 0.059138 0.052330
0 0.668194 0.631000 0.065373 0.057993
0 0.243519 0.773205 0.041589 0.046657
0 0.306886 0.682041 0.057049 0.090862
0 0.261533 0.525248 0.068561 0.085362
0 0.244401 0.612231 0.057584 0.047994