0 0.424681 0.303913 0.029564 0.031500
1 0.528908 0.642667 0.077617 0.117434
0 0.340556 0.421555 0.027958 0.039794
0 0.501530 0.328836 0.027257 0.050106
0 0.529247 0.375310 0.024790 0.030144
0 0.580822 0.368386 0.025914 0.049734
0 0.627352 0.399605 0.039409 0.042873
0 0.701532 0.468832 0.034853 0.067871
0 0.672530 0.450945 0.028252 0.051914
0 0.414375 0.482473 0.020975 0.024475
0 0.361255 0.485070 0.020330 0.022260
0 0.383822 0.492718 0.035510 0.081392
0 0.380925 0.562984 0.017554 0.025727
0 0.438446 0.515570 0.024346 0.046920
0 0.466355 0.464723 0.033723 0.064598
0 0.501307 0.468772 0.033187 0.034243
0 0.433380 0.393562 0.036120 0.057924
0 0.469136 0.402610 0.024477 0.050910
0 0.560057 0.454720 0.028868 0.080885
0 0.524385 0.428875 0.046017 0.043950
0 0.607599 0.426445 0.041396 0.040370
0 0.627523 0.400006 0.038790 0.044195
0 0.640507 0.464813 0.028225 0.035702
0 0.672503 0.450161 0.029757 0.053559
0 0.523490 0.516093 0.050615 0.044430
0 0.584449 0.560649 0.023668 0.027648
0 0.550650 0.672190 0.049625 0.048655
0 0.589642 0.655027 0.022438 0.025534
0 0.468463 0.313883 0.028325 0.036864
0 0.631441 0.654949 0.046025 0.066290
0 0.507175 0.737872 0.040644 0.044015
0 0.456129 0.682656 0.027124 0.037180
0 0.478410 0.600706 0.026523 0.033910
0 0.467139 0.644234 0.040059 0.051071
0 0.335052 0.581992 0.039484 0.045403
0 0.322144 0.530449 0.029016 0.038149
0 0.322906 0.472961 0.039884 0.059802
1 0.613974 0.338100 0.056725 0.055852
1 0.424529 0.587154 0.042336 0.088164
0 0.438129 0.257826 0.033854 0.054747
0 0.491151 0.278904 0.028592 0.030956
0 0.419275 0.345704 0.031586 0.034244
0 0.646721 0.562193 0.024516 0.028962
0 0.393744 0.598338 0.024221 0.030498
0 0.629163 0.519118 0.032342 0.039048
0 0.406741 0.639231 0.025347 0.024932
0 0.590632 0.505598 0.028879 0.029807