1 0.495206 0.621907 0.076075 0.090702
0 0.499618 0.297165 0.052278 0.042964
0 0.532740 0.331881 0.053945 0.061836
0 0.433479 0.283206 0.036942 0.035623
0 0.437927 0.344185 0.031002 0.048438
0 0.381727 0.360966 0.031338 0.041717
0 0.368190 0.388111 0.021890 0.025326
0 0.376135 0.409114 0.046284 0.050871
0 0.613983 0.390439 0.032946 0.039611
0 0.574390 0.363423 0.042741 0.045633
0 0.540919 0.399395 0.034828 0.035895
0 0.489144 0.402175 0.044583 0.043143
0 0.419624 0.417399 0.030135 0.037415
0 0.451205 0.433476 0.030567 0.042594
0 0.407038 0.451278 0.043553 0.035604
0 0.361335 0.478185 0.037494 0.044990
0 0.604081 0.459458 0.024182 0.028520
0 0.575937 0.448647 0.028353 0.033372
0 0.618727 0.429073 0.039465 0.036357
0 0.647929 0.469401 0.027836 0.045339
0 0.662206 0.500831 0.024157 0.034271
0 0.620860 0.611124 0.029439 0.035706
0 0.651014 0.573698 0.043441 0.063553
0 0.606587 0.492276 0.032868 0.042027
0 0.626356 0.540794 0.052923 0.064980
0 0.573778 0.519545 0.039967 0.081454
0 0.524976 0.492664 0.037154 0.042573
0 0.510100 0.469863 0.042009 0.044203
0 0.469717 0.496630 0.014692 0.022351
0 0.432576 0.511575 0.026385 0.030157
0 0.400927 0.524284 0.023497 0.026338
0 0.339068 0.503012 0.029237 0.038047
0 0.339338 0.502493 0.029461 0.038012
0 0.360698 0.477948 0.037148 0.045226
0 0.375624 0.535913 0.044434 0.070613
0 0.548186 0.670135 0.041603 0.046706
0 0.594181 0.614868 0.035166 0.057555
0 0.563618 0.585131 0.042131 0.048306
0 0.533615 0.579626 0.022962 0.030624
0 0.513213 0.571580 0.036086 0.053797
0 0.452259 0.565722 0.027582 0.035445
0 0.433138 0.548536 0.029947 0.038242
0 0.400843 0.571312 0.038186 0.063667
0 0.368067 0.642402 0.021389 0.025379
0 0.408525 0.669432 0.040264 0.039882
0 0.454170 0.614411 0.024257 0.024740
0 0.486910 0.691843 0.045551 0.042426
0 0.417048 0.634634 0.021138 0.027903
0 0.451030 0.648239 0.055577 0.060330
0 0.358643 0.694329 0.042445 0.045686
0 0.566624 0.305872 0.034575 0.040409