0 0.601016 0.566064 0.026719 0.039160
0 0.569453 0.554931 0.020156 0.023730
0 0.612422 0.526709 0.068906 0.041895
0 0.660035 0.492724 0.020695 0.026270
0 0.613320 0.496093 0.031172 0.022070
0 0.547109 0.518213 0.040625 0.090918
0 0.521094 0.516748 0.033437 0.051660
0 0.517852 0.462842 0.048984 0.079004
0 0.491836 0.434912 0.018672 0.030371
0 0.483008 0.523437 0.021953 0.026953
0 0.523613 0.585879 0.017695 0.021621
0 0.498945 0.574463 0.029297 0.045996
0 0.444297 0.491406 0.027500 0.028711
0 0.472695 0.456738 0.038828 0.039844
0 0.444023 0.400927 0.055391 0.042871
0 0.369531 0.400732 0.023125 0.028613
0 0.405508 0.424804 0.019922 0.046484
0 0.426445 0.467480 0.038047 0.064648
0 0.401289 0.474951 0.021484 0.021191
0 0.381016 0.447021 0.027813 0.047754
0 0.476055 0.610107 0.028047 0.025879
0 0.457852 0.573437 0.029297 0.081445
0 0.435625 0.587842 0.034063 0.031934
0 0.354180 0.446972 0.023516 0.033594
0 0.403789 0.571972 0.018828 0.022656
0 0.379297 0.570801 0.021406 0.024609
0 0.443242 0.544726 0.018359 0.035742
1 0.612656 0.464062 0.052344 0.034961
0 0.641406 0.428760 0.051875 0.033496
0 0.588594 0.417627 0.043281 0.050293
0 0.547773 0.379052 0.042266 0.055762
0 0.515898 0.334131 0.025859 0.035840
0 0.476953 0.361816 0.038906 0.038672
0 0.438906 0.293105 0.047187 0.084082
0 0.433062 0.349853 0.022219 0.027051
0 0.400344 0.316206 0.030281 0.036338
0 0.384883 0.351758 0.040234 0.049023
0 0.360320 0.369433 0.023734 0.033594
0 0.634883 0.632031 0.021016 0.040430
0 0.594844 0.614160 0.022813 0.044727
0 0.635781 0.580058 0.043750 0.024180
0 0.386953 0.541552 0.017500 0.022168
0 0.409414 0.527734 0.038516 0.049219
0 0.371914 0.508008 0.027734 0.044336
0 0.341992 0.517285 0.028828 0.065430
0 0.325703 0.458740 0.020156 0.050684