0 0.524091 0.592389 0.049262 0.081335
0 0.536094 0.619540 0.026339 0.034038
0 0.582823 0.591392 0.026634 0.032467
0 0.573866 0.284400 0.027287 0.039450
0 0.432037 0.352117 0.026263 0.027542
0 0.461488 0.315341 0.026232 0.037986
0 0.480521 0.283205 0.027290 0.032497
0 0.499721 0.305495 0.028933 0.036604
0 0.404280 0.419305 0.061375 0.052322
0 0.452300 0.405275 0.045625 0.057139
0 0.497751 0.391321 0.032757 0.054571
0 0.530332 0.374184 0.044895 0.087575
0 0.629633 0.425865 0.050742 0.069419
0 0.565043 0.441445 0.027315 0.042376
0 0.490460 0.489347 0.045575 0.043137
0 0.348195 0.635672 0.050549 0.063264
0 0.615474 0.549309 0.051707 0.055077
0 0.596799 0.575333 0.038724 0.045886
0 0.355825 0.505627 0.034931 0.033310
0 0.440910 0.452061 0.023726 0.026559
0 0.393695 0.466576 0.055325 0.051953
0 0.650835 0.520787 0.050874 0.036957
1 0.468333 0.662292 0.038788 0.055300
1 0.593519 0.411196 0.059934 0.070562
0 0.493627 0.439509 0.045786 0.036064
0 0.384965 0.629728 0.045572 0.050437
0 0.413448 0.673337 0.038743 0.048354
0 0.450857 0.680804 0.037060 0.046994
0 0.442504 0.719563 0.039311 0.039621
0 0.494199 0.683087 0.023607 0.027719
0 0.525246 0.700787 0.039477 0.054898
0 0.563219 0.666549 0.030377 0.035906
0 0.531475 0.652425 0.033172 0.032518
0 0.557924 0.613697 0.034972 0.047510
0 0.368143 0.552348 0.044816 0.052732
0 0.402407 0.572879 0.032978 0.035087
0 0.361004 0.588723 0.036189 0.043706
0 0.424863 0.592504 0.048350 0.086892
0 0.460984 0.602493 0.057822 0.064163
0 0.499474 0.545506 0.042161 0.053641
0 0.478068 0.544020 0.020851 0.026772
0 0.464788 0.565457 0.071579 0.067421
0 0.554792 0.496771 0.053765 0.057829
0 0.527132 0.514425 0.029943 0.033167
0 0.443168 0.506940 0.025779 0.033016
0 0.407866 0.522178 0.053041 0.040884