0 0.687505 0.690471 0.029594 0.042555
0 0.653180 0.733470 0.029167 0.040437
0 0.364298 0.715779 0.028860 0.034016
0 0.440680 0.719604 0.042105 0.054508
0 0.414342 0.844194 0.044342 0.097404
0 0.524068 0.808607 0.041557 0.086885
0 0.633838 0.839180 0.064167 0.069344
0 0.825548 0.789071 0.042982 0.061475
0 0.724342 0.147951 0.055482 0.074590
0 0.526760 0.623538 0.040779 0.038989
0 0.907456 0.666598 0.025439 0.033743
0 0.622319 0.134768 0.027511 0.049044
0 0.932840 0.644809 0.080592 0.075410
0 0.427610 0.672336 0.026096 0.037842
0 0.351645 0.685519 0.020833 0.024317
0 0.757950 0.079850 0.036732 0.037568
0 0.927248 0.127275 0.025768 0.029604
0 0.666118 0.262978 0.027193 0.032787
0 0.634512 0.242070 0.027489 0.032254
0 0.570066 0.156967 0.031140 0.073224
0 0.541294 0.176913 0.028816 0.044262
0 0.451014 0.164344 0.044792 0.067213
0 0.475844 0.265984 0.052039 0.048361
0 0.779578 0.040369 0.053454 0.037842
0 0.377961 0.491708 0.073465 0.090902
0 0.341765 0.552630 0.033311 0.082445
0 0.281206 0.533941 0.049474 0.075287
1 0.636184 0.511059 0.047478 0.083593
0 0.567473 0.588723 0.040735 0.051516
0 0.594024 0.640369 0.029057 0.058607
0 0.657900 0.423839 0.048893 0.037842
1 0.717758 0.451216 0.072533 0.159208
0 0.958180 0.054235 0.032368 0.036885
0 0.585252 0.331421 0.027961 0.062842
0 0.866743 0.463730 0.056206 0.074180
0 0.909978 0.513818 0.026535 0.063893
0 0.465789 0.340984 0.037281 0.039617
0 0.425060 0.353552 0.037401 0.037158
0 0.393207 0.363730 0.025208 0.038934
0 0.363492 0.366530 0.032884 0.037158
0 0.613882 0.429173 0.045066 0.033730
1 0.509062 0.415150 0.036042 0.036093
0 0.548377 0.429495 0.036579 0.122295
0 0.450806 0.471482 0.032752 0.064276
0 0.497917 0.546926 0.027632 0.033743