0 0.504805 0.682227 0.020078 0.023633
1 0.367539 0.464844 0.087734 0.044531
1 0.380954 0.366739 0.045547 0.029980
1 0.592051 0.637886 0.046836 0.029092
0 0.493594 0.704590 0.022656 0.029883
0 0.515313 0.727115 0.016875 0.022920
0 0.572500 0.727686 0.026562 0.026074
0 0.429953 0.672403 0.018063 0.043867
0 0.457813 0.694580 0.016406 0.025879
0 0.306250 0.517285 0.027969 0.027539
0 0.336250 0.570186 0.022812 0.025645
0 0.379532 0.613281 0.033750 0.045898
0 0.477559 0.628321 0.039023 0.034766
0 0.413633 0.568262 0.054141 0.074023
0 0.340664 0.508013 0.020656 0.054873
0 0.507383 0.158252 0.059766 0.053418
0 0.562348 0.150308 0.035008 0.033760
0 0.608938 0.244141 0.043781 0.051367
0 0.654219 0.284180 0.027969 0.037305
0 0.494571 0.195030 0.022422 0.023457
0 0.615985 0.311089 0.028031 0.023740
0 0.432461 0.270313 0.019766 0.030469
0 0.526664 0.279492 0.038703 0.058984
0 0.559500 0.231446 0.048656 0.043164
0 0.393946 0.448262 0.024297 0.021641
0 0.443438 0.460596 0.032031 0.036230
0 0.488368 0.537989 0.034984 0.034570
0 0.447739 0.529151 0.027820 0.046973
0 0.750715 0.557764 0.026430 0.057715
0 0.670051 0.584326 0.024461 0.035449
0 0.628496 0.589678 0.041148 0.051035
0 0.717930 0.541944 0.021172 0.048340
0 0.690110 0.500093 0.036031 0.038662
0 0.491563 0.427246 0.035625 0.034375
0 0.587422 0.391455 0.022500 0.025488
0 0.604571 0.423828 0.068516 0.048437
0 0.681875 0.391968 0.034922 0.055264
0 0.716348 0.390811 0.030352 0.036348
0 0.532696 0.397364 0.036016 0.026367
0 0.571082 0.359761 0.033930 0.057217
0 0.315430 0.340967 0.045234 0.047559
0 0.373086 0.318404 0.033203 0.049326
0 0.461328 0.347998 0.024844 0.029004
0 0.345012 0.225782 0.025758 0.034766
0 0.404536 0.188916 0.043273 0.032910
0 0.721422 0.278394 0.014625 0.021436