0 0.510373 0.755451 0.032325 0.070683
1 0.706963 0.678798 0.045175 0.064153
0 0.497538 0.241428 0.027314 0.026844
0 0.534616 0.242247 0.035022 0.055806
0 0.567599 0.306783 0.032346 0.046817
0 0.620669 0.324727 0.046601 0.071585
0 0.650669 0.458996 0.041031 0.051052
0 0.465395 0.391803 0.046579 0.044536
0 0.452050 0.350437 0.043421 0.033388
0 0.445559 0.296714 0.025110 0.034986
0 0.385976 0.274768 0.049079 0.041066
0 0.411294 0.386885 0.056140 0.086885
0 0.337829 0.316803 0.030921 0.038251
0 0.433986 0.502329 0.054375 0.048402
0 0.358350 0.422780 0.037248 0.046981
0 0.353388 0.471926 0.030921 0.038115
0 0.254539 0.362199 0.034079 0.048169
0 0.305099 0.481626 0.048355 0.062978
0 0.226579 0.444331 0.027982 0.032650
0 0.620598 0.763497 0.074156 0.043388
1 0.291042 0.395492 0.071338 0.112322
0 0.495620 0.339945 0.032971 0.040000
0 0.326371 0.642008 0.049013 0.059699
0 0.393860 0.656352 0.048684 0.056148
0 0.498849 0.622493 0.032785 0.066571
0 0.520367 0.559672 0.037555 0.076995
0 0.259485 0.713798 0.030154 0.035246
0 0.357659 0.723470 0.040757 0.042869
0 0.448509 0.721858 0.036930 0.059016
0 0.509742 0.684884 0.047336 0.039522
0 0.533662 0.657801 0.032018 0.037732
0 0.567303 0.635048 0.037215 0.043538
0 0.601266 0.665847 0.033015 0.041803
0 0.629578 0.610704 0.030208 0.038484
0 0.706486 0.574952 0.025252 0.032883
0 0.540356 0.447609 0.035537 0.036475
0 0.579101 0.484952 0.045088 0.052418
0 0.576086 0.444331 0.034846 0.043033
0 0.607862 0.428210 0.035461 0.042486
0 0.636376 0.531728 0.059529 0.052719
0 0.458531 0.565984 0.039079 0.039344
0 0.526151 0.494809 0.026645 0.031694
0 0.714841 0.519262 0.038673 0.060383
0 0.750526 0.423682 0.075921 0.055833
0 0.387346 0.788818 0.032303 0.052227
0 0.227796 0.562917 0.035855 0.076352
0 0.324879 0.555444 0.033969 0.042855