0 0.584709 0.677278 0.064357 0.057606
0 0.515527 0.698633 0.046291 0.050633
0 0.443710 0.697275 0.057344 0.073920
0 0.487628 0.659309 0.046390 0.046778
0 0.485668 0.609059 0.055410 0.065218
0 0.433897 0.494506 0.039523 0.045947
0 0.514597 0.334917 0.052364 0.072453
0 0.683252 0.534920 0.046122 0.076555
0 0.279783 0.380511 0.066342 0.099406
0 0.344242 0.396335 0.045767 0.052005
0 0.376391 0.352617 0.039876 0.041070
1 0.372405 0.291299 0.144081 0.121916
0 0.504845 0.211311 0.076092 0.060961
0 0.453871 0.288131 0.065444 0.068678
0 0.670530 0.289026 0.044227 0.062727
0 0.619676 0.309886 0.048752 0.088363
0 0.655240 0.382973 0.051897 0.071523
0 0.577167 0.336765 0.054240 0.087196
0 0.363946 0.232260 0.065051 0.066907
0 0.452917 0.408083 0.089746 0.096919
0 0.415823 0.447802 0.087432 0.069845
0 0.248720 0.504193 0.036648 0.042591
0 0.307543 0.454745 0.072958 0.062420
0 0.697261 0.437036 0.034084 0.037133
0 0.334690 0.507494 0.094913 0.068110
0 0.279450 0.538433 0.040515 0.041239
0 0.275692 0.584161 0.065820 0.063226
0 0.288674 0.647784 0.046604 0.049319
0 0.363113 0.588118 0.049429 0.057537
0 0.430205 0.630068 0.048576 0.055022
0 0.725374 0.472526 0.050842 0.059945
0 0.485656 0.768575 0.040847 0.060601
0 0.533433 0.750202 0.046960 0.065929
0 0.703341 0.635679 0.070504 0.061259
0 0.695674 0.698301 0.039291 0.043940
0 0.529578 0.462930 0.036763 0.045367
0 0.484693 0.502841 0.042772 0.047789
0 0.591351 0.464631 0.073450 0.073394
0 0.544740 0.505195 0.059243 0.050919
0 0.637559 0.502460 0.034961 0.039219
0 0.574358 0.604201 0.037697 0.049811
0 0.540029 0.621857 0.034522 0.040407
0 0.486774 0.554551 0.069148 0.057980
0 0.485758 0.608996 0.053295 0.064519
0 0.640033 0.544716 0.048758 0.050969
0 0.598977 0.531142 0.050334 0.051909
0 0.601320 0.586402 0.029522 0.039330