0 0.675875 0.506827 0.027996 0.053709
0 0.553617 0.327397 0.067344 0.065400
0 0.395626 0.506720 0.028241 0.050004
0 0.362714 0.487376 0.040483 0.036709
0 0.333895 0.476778 0.029184 0.034821
0 0.554489 0.362126 0.078425 0.068544
0 0.647183 0.550783 0.025094 0.031973
0 0.516301 0.319473 0.042078 0.034082
0 0.454838 0.336040 0.035617 0.032195
0 0.374350 0.354993 0.021757 0.027288
0 0.423870 0.402008 0.044202 0.067471
0 0.396745 0.386304 0.023849 0.025769
0 0.359527 0.414871 0.030732 0.079881
0 0.342081 0.421016 0.020037 0.026112
0 0.439872 0.466647 0.041074 0.033510
0 0.389510 0.448774 0.034772 0.046513
0 0.642051 0.397986 0.026692 0.055346
0 0.609051 0.432602 0.034208 0.039148
0 0.641284 0.467641 0.032265 0.065297
0 0.557626 0.500014 0.028659 0.053200
0 0.597360 0.507291 0.024687 0.038181
0 0.441859 0.548458 0.047606 0.055635
0 0.416544 0.589090 0.033041 0.056433
0 0.605702 0.619942 0.026374 0.060083
0 0.582503 0.592647 0.035169 0.056179
0 0.551901 0.596659 0.030130 0.034599
0 0.360404 0.637129 0.056766 0.051825
0 0.362653 0.538128 0.028589 0.044712
0 0.341119 0.570075 0.030830 0.031334
0 0.559774 0.693999 0.032874 0.047667
0 0.592469 0.661149 0.025395 0.030464
0 0.470222 0.652410 0.027168 0.034203
0 0.444159 0.656975 0.049553 0.078880
0 0.556683 0.655093 0.025900 0.030064
0 0.523197 0.668133 0.030898 0.043745
0 0.502653 0.636156 0.038573 0.052506
0 0.387682 0.596224 0.029274 0.047676
0 0.478407 0.289758 0.052989 0.035479
1 0.554328 0.429103 0.065619 0.046378
1 0.494809 0.468012 0.047291 0.055862
0 0.426927 0.313387 0.022284 0.030053
0 0.462121 0.526944 0.025623 0.030354
0 0.486207 0.521371 0.055319 0.076581
0 0.515685 0.513417 0.030273 0.034335
0 0.575883 0.544373 0.074586 0.043251
0 0.484231 0.584091 0.051755 0.047566
0 0.552516 0.397979 0.022751 0.028216