0 0.355387 0.269101 0.027002 0.049326
1 0.629589 0.215284 0.072967 0.041618
1 0.692947 0.530396 0.073166 0.141638
0 0.294626 0.323483 0.050572 0.065996
0 0.355627 0.333886 0.052687 0.060308
0 0.396728 0.293770 0.039739 0.039752
0 0.386469 0.229258 0.041692 0.041242
0 0.449917 0.251262 0.068158 0.062045
0 0.502553 0.200775 0.092169 0.051749
0 0.440142 0.358427 0.050663 0.107920
0 0.469461 0.374467 0.027030 0.038612
0 0.531211 0.280717 0.065863 0.069891
0 0.600129 0.246063 0.044310 0.036538
0 0.666499 0.279976 0.044255 0.042096
0 0.576850 0.411254 0.059867 0.041129
0 0.539887 0.369974 0.068857 0.054767
0 0.590359 0.312560 0.054876 0.049334
0 0.643141 0.368410 0.030705 0.033436
0 0.722809 0.393509 0.031064 0.059371
0 0.719660 0.335919 0.041800 0.058749
0 0.764135 0.407941 0.027361 0.030698
0 0.518649 0.436233 0.044921 0.048653
0 0.540440 0.478392 0.057744 0.053058
0 0.551087 0.584627 0.069460 0.055623
0 0.237708 0.468707 0.043984 0.085894
0 0.315448 0.587062 0.043251 0.065632
0 0.360554 0.572757 0.043771 0.071636
0 0.412936 0.627210 0.062331 0.054863
0 0.391159 0.793735 0.039909 0.043833
0 0.399510 0.850791 0.030628 0.037094
0 0.461554 0.910218 0.030533 0.034103
0 0.617823 0.875104 0.038620 0.047272
0 0.386473 0.503942 0.035692 0.039475
0 0.285814 0.445091 0.069172 0.075272
0 0.260062 0.603197 0.053803 0.083310
0 0.273585 0.851214 0.032405 0.042371
0 0.279622 0.681011 0.046377 0.071542
0 0.349007 0.756824 0.030811 0.036564
0 0.351507 0.432673 0.058220 0.048885
0 0.653097 0.763521 0.029335 0.037277
0 0.615610 0.767667 0.049591 0.038934
0 0.564761 0.706883 0.042617 0.049987
0 0.527252 0.678095 0.041945 0.050348
0 0.655652 0.523724 0.044399 0.047396
0 0.613645 0.500762 0.044747 0.063618
0 0.577806 0.508951 0.054169 0.105854