0 0.397130 0.608050 0.058861 0.047985
0 0.293056 0.388467 0.033088 0.044987
0 0.341696 0.386665 0.047054 0.046706
0 0.332708 0.285551 0.028593 0.035059
0 0.301540 0.308612 0.046755 0.049844
0 0.339284 0.333262 0.059820 0.053157
0 0.380889 0.070361 0.063485 0.049304
0 0.453145 0.128787 0.085355 0.102188
0 0.514988 0.158736 0.034004 0.035708
0 0.411397 0.340545 0.042834 0.067178
0 0.546266 0.198449 0.038575 0.050670
0 0.537804 0.266247 0.042397 0.053691
0 0.587011 0.254479 0.038432 0.049590
0 0.475990 0.266258 0.032241 0.045768
0 0.505528 0.224931 0.050306 0.086528
0 0.490043 0.321028 0.052514 0.064709
0 0.529720 0.334918 0.036506 0.042689
0 0.464924 0.350536 0.045145 0.064723
0 0.574732 0.374246 0.036420 0.041790
0 0.268786 0.758775 0.044521 0.062581
0 0.421929 0.712086 0.034516 0.039094
0 0.440987 0.777197 0.032418 0.038398
0 0.352165 0.760146 0.084516 0.069917
0 0.460964 0.723100 0.051431 0.055809
0 0.312575 0.611297 0.048766 0.048274
0 0.328976 0.682098 0.067984 0.073798
0 0.365563 0.701325 0.043518 0.051770
0 0.405680 0.664237 0.054265 0.064826
0 0.451805 0.568687 0.065859 0.059581
0 0.291197 0.467318 0.051770 0.053856
0 0.283908 0.518228 0.040014 0.056308
0 0.260715 0.554396 0.040173 0.049638
0 0.212350 0.578409 0.043339 0.046310
0 0.358695 0.816343 0.023699 0.022317
0 0.343041 0.790846 0.030061 0.036181
0 0.379952 0.427359 0.083195 0.084360
0 0.388089 0.489130 0.037170 0.033282
0 0.443903 0.441768 0.056304 0.054764
0 0.552027 0.420363 0.077629 0.080813
0 0.543930 0.467723 0.027425 0.029976
0 0.502311 0.467962 0.065946 0.073376
0 0.440501 0.499460 0.060339 0.081684
0 0.478975 0.534480 0.029711 0.036941
1 0.362090 0.227847 0.050186 0.102016
1 0.421027 0.211405 0.076348 0.116732
0 0.386761 0.180879 0.021484 0.026641
0 0.321023 0.159997 0.045776 0.045199
0 0.295258 0.205465 0.046253 0.051628
0 0.267814 0.247770 0.048530 0.069087