0 0.413887 0.636040 0.046076 0.045199
0 0.570756 0.200023 0.045082 0.037711
0 0.456662 0.228870 0.023795 0.030311
0 0.437408 0.252811 0.037199 0.031646
0 0.451549 0.292298 0.059263 0.035933
0 0.589465 0.394148 0.038763 0.066680
0 0.510355 0.339504 0.042126 0.050590
0 0.586198 0.481411 0.034264 0.066895
0 0.551326 0.464393 0.049155 0.087030
0 0.497865 0.419233 0.027757 0.035037
0 0.442498 0.388686 0.044019 0.060060
0 0.326323 0.385855 0.063224 0.040877
0 0.360653 0.518485 0.024518 0.026790
0 0.302304 0.473755 0.036049 0.096839
0 0.322193 0.480244 0.032284 0.036022
0 0.584004 0.684707 0.049073 0.050830
0 0.470549 0.576632 0.052573 0.029145
0 0.514760 0.660179 0.024156 0.035764
0 0.497919 0.615171 0.037271 0.049417
0 0.465974 0.613594 0.044460 0.052103
0 0.425735 0.602770 0.071371 0.071220
0 0.379718 0.607665 0.031091 0.048512
0 0.348076 0.611486 0.035509 0.042150
0 0.478674 0.673661 0.055299 0.054144
0 0.438782 0.694086 0.057078 0.037251
0 0.376818 0.659489 0.030448 0.038898
0 0.385968 0.273225 0.033821 0.040685
0 0.400436 0.317242 0.041732 0.057204
0 0.378208 0.329401 0.019789 0.025426
0 0.445846 0.332305 0.029895 0.044902
0 0.396717 0.438528 0.080543 0.078278
0 0.360440 0.466095 0.042050 0.061787
0 0.636507 0.641769 0.028302 0.029583
0 0.573832 0.593299 0.032123 0.052917
0 0.549884 0.574886 0.024238 0.038216
0 0.520287 0.508273 0.027253 0.033335
0 0.551556 0.464326 0.050003 0.087905
0 0.348245 0.551589 0.057312 0.065056
0 0.462933 0.532320 0.060847 0.060312
0 0.405913 0.547838 0.056174 0.058917
0 0.387577 0.464881 0.021977 0.032143
0 0.388721 0.506694 0.034104 0.029667
0 0.392348 0.371017 0.024105 0.041551
0 0.413010 0.371555 0.029944 0.055452
0 0.368263 0.361194 0.025217 0.041227
0 0.348660 0.337463 0.022802 0.028703
1 0.334543 0.437330 0.027158 0.060678