1 0.338546 0.556436 0.064249 0.102635
1 0.654217 0.655569 0.133229 0.094760
1 0.438710 0.546588 0.038230 0.081328
0 0.091965 0.409383 0.037529 0.038051
0 0.226206 0.535116 0.029480 0.041169
0 0.431202 0.801408 0.069338 0.046118
0 0.364939 0.706164 0.042865 0.049458
0 0.418232 0.699371 0.050520 0.081408
0 0.257690 0.580739 0.039884 0.046236
0 0.289297 0.653964 0.040649 0.075201
0 0.280000 0.467232 0.037869 0.050485
0 0.308472 0.496737 0.056016 0.058426
0 0.383399 0.567522 0.051786 0.046844
0 0.366720 0.625915 0.037634 0.052612
0 0.401142 0.612607 0.026253 0.029108
0 0.486409 0.739133 0.047404 0.063722
0 0.480118 0.665125 0.050773 0.058111
0 0.504036 0.627759 0.027607 0.040379
0 0.544718 0.609265 0.040193 0.047224
0 0.564882 0.564850 0.051626 0.042962
0 0.600078 0.588720 0.048093 0.056082
0 0.641846 0.611992 0.038497 0.044852
0 0.480540 0.570009 0.030269 0.036877
0 0.588550 0.798377 0.052795 0.101064
0 0.644906 0.765189 0.037741 0.049950
0 0.479086 0.526097 0.033498 0.032399
0 0.386014 0.425200 0.027737 0.033566
0 0.432390 0.464546 0.039025 0.045037
0 0.408329 0.158101 0.035480 0.047257
0 0.757229 0.661730 0.072297 0.051893
0 0.681677 0.431145 0.028734 0.034385
0 0.452844 0.328679 0.045187 0.043534
0 0.440633 0.201410 0.043489 0.057770
0 0.504036 0.400334 0.043912 0.062419
0 0.410020 0.309315 0.053051 0.071348
0 0.324678 0.414113 0.046824 0.051285
0 0.448623 0.278224 0.042867 0.057980
0 0.418516 0.236499 0.038538 0.054727
0 0.391697 0.207149 0.046513 0.061770
0 0.527707 0.296886 0.027164 0.031770
0 0.662727 0.505758 0.035774 0.065426
0 0.588616 0.482967 0.037378 0.042324
0 0.601468 0.381137 0.051752 0.056745
0 0.557809 0.393343 0.030239 0.032930
0 0.622123 0.415362 0.034464 0.039992
0 0.593183 0.335236 0.032454 0.042219