0 0.477590 0.602531 0.031596 0.032890
0 0.642446 0.516200 0.023888 0.035443
0 0.581327 0.724873 0.027455 0.025251
0 0.669999 0.663335 0.022193 0.029640
0 0.598451 0.669151 0.023007 0.026301
0 0.616972 0.660548 0.015725 0.023034
0 0.641791 0.673858 0.022104 0.027719
0 0.674421 0.631950 0.025635 0.034739
0 0.706667 0.609278 0.018301 0.022862
0 0.680246 0.558530 0.030425 0.028927
0 0.557918 0.655662 0.030034 0.042486
0 0.500099 0.617678 0.031304 0.033618
0 0.533124 0.598939 0.040363 0.037112
0 0.583976 0.571507 0.021919 0.026837
0 0.592741 0.603471 0.023938 0.038351
0 0.617188 0.605981 0.019385 0.029230
0 0.463082 0.232805 0.036006 0.045842
0 0.457084 0.162613 0.011875 0.009663
0 0.367530 0.600835 0.033508 0.043532
0 0.334674 0.565386 0.018665 0.022715
0 0.381637 0.554648 0.023711 0.037751
0 0.307784 0.520090 0.021912 0.035526
1 0.340984 0.439391 0.032989 0.050535
0 0.400975 0.389021 0.052341 0.038863
0 0.433821 0.306705 0.043607 0.031780
0 0.459248 0.287676 0.023847 0.025736
0 0.503762 0.277328 0.026157 0.037764
0 0.552436 0.252581 0.030526 0.049755
0 0.601420 0.288083 0.029145 0.039083
0 0.584394 0.355264 0.017515 0.021430
0 0.612199 0.346069 0.023943 0.039020
0 0.503151 0.321919 0.044355 0.028529
0 0.555576 0.322522 0.023549 0.039545
0 0.477460 0.357295 0.024980 0.033132
0 0.538553 0.362303 0.036789 0.037248
0 0.447610 0.340070 0.050206 0.043281
0 0.482419 0.382398 0.051732 0.045759
0 0.515276 0.389253 0.019169 0.025708
0 0.523167 0.412846 0.019068 0.022259
0 0.541882 0.429409 0.032357 0.035360
0 0.564562 0.402867 0.027810 0.029467
0 0.491592 0.561446 0.028855 0.034083
0 0.469948 0.482116 0.021207 0.026760
0 0.490362 0.457796 0.019630 0.024361
0 0.565267 0.481168 0.035100 0.030931
0 0.535581 0.627771 0.037424 0.040572
1 0.497998 0.495771 0.067856 0.096428