0 0.476316 0.599030 0.023684 0.038224
0 0.383443 0.745082 0.053070 0.033607
0 0.521963 0.796926 0.058048 0.041393
0 0.438268 0.720628 0.050219 0.046995
1 0.700735 0.295150 0.093487 0.035929
1 0.404781 0.623730 0.114386 0.066475
0 0.381579 0.246585 0.052412 0.049180
0 0.473098 0.275888 0.039024 0.032923
0 0.380318 0.324522 0.028618 0.070355
0 0.532730 0.212753 0.026645 0.065205
0 0.593575 0.277630 0.034518 0.033948
0 0.576272 0.367254 0.028202 0.065437
0 0.305757 0.264460 0.029496 0.040396
0 0.252396 0.341742 0.063564 0.038128
0 0.236184 0.437773 0.031140 0.034290
0 0.360471 0.458675 0.035636 0.041940
0 0.224704 0.402732 0.025504 0.039617
0 0.284814 0.235792 0.026206 0.031694
0 0.464254 0.330533 0.083553 0.067350
0 0.248004 0.545423 0.044474 0.073087
0 0.560362 0.726230 0.026645 0.043989
0 0.329276 0.529235 0.053728 0.048361
0 0.369298 0.561885 0.032237 0.072951
0 0.400713 0.489754 0.032566 0.040164
0 0.461930 0.438730 0.041842 0.076913
0 0.471173 0.501844 0.071294 0.042486
0 0.509978 0.535649 0.038816 0.038511
0 0.569024 0.580806 0.045504 0.053142
0 0.587495 0.616988 0.015559 0.027145
0 0.606524 0.561673 0.024671 0.030478
0 0.637516 0.575410 0.037029 0.048087
0 0.478723 0.640574 0.064463 0.059016
0 0.523355 0.674932 0.040789 0.079918
0 0.374095 0.713067 0.027467 0.029740
0 0.295888 0.651503 0.048794 0.048907
0 0.476700 0.599249 0.025548 0.038115
0 0.806140 0.399180 0.030263 0.034699
0 0.685197 0.342828 0.044956 0.055874
0 0.746985 0.348156 0.026425 0.032650
0 0.674507 0.403689 0.044189 0.042077
0 0.615143 0.447541 0.042566 0.040437
0 0.619814 0.497459 0.028838 0.055027
0 0.652029 0.453757 0.034320 0.053415
1 0.694353 0.600328 0.028618 0.088142
0 0.667544 0.657787 0.014693 0.021038
0 0.689797 0.702964 0.045384 0.048825
0 0.703838 0.526913 0.031140 0.044809
0 0.759320 0.538730 0.040789 0.075000