0 0.418637 0.663104 0.020011 0.022090
0 0.685861 0.477387 0.024555 0.049819
0 0.616376 0.486128 0.044278 0.052215
1 0.541855 0.641723 0.058171 0.036682
0 0.389556 0.611513 0.036910 0.026636
0 0.453038 0.625460 0.060627 0.040727
0 0.434978 0.430802 0.027154 0.061593
0 0.473782 0.690069 0.047672 0.049554
0 0.561322 0.686037 0.029173 0.031796
0 0.638563 0.626643 0.039702 0.055098
0 0.309591 0.433346 0.023312 0.038859
0 0.346190 0.475458 0.023748 0.055260
0 0.369331 0.476650 0.020342 0.031659
0 0.398808 0.500584 0.021162 0.038705
0 0.519641 0.515647 0.024094 0.031564
0 0.374958 0.391071 0.030118 0.052697
0 0.386170 0.325565 0.027708 0.024831
0 0.409975 0.339694 0.027169 0.044503
0 0.403797 0.423520 0.028567 0.047193
0 0.411106 0.472172 0.018979 0.027038
0 0.588108 0.238963 0.015465 0.018136
0 0.607392 0.284478 0.032369 0.041636
0 0.577052 0.296957 0.040542 0.046438
0 0.454009 0.339542 0.016174 0.021305
0 0.463803 0.319842 0.034895 0.032728
0 0.473742 0.357189 0.024035 0.026391
0 0.504989 0.368132 0.036711 0.024679
0 0.443716 0.380162 0.036039 0.037636
0 0.485768 0.461546 0.044032 0.035605
0 0.509932 0.420705 0.030053 0.032600
0 0.525656 0.386243 0.029368 0.035020
0 0.567241 0.354269 0.051173 0.051207
0 0.539226 0.448199 0.018919 0.021846
0 0.549857 0.492474 0.029667 0.056294
0 0.569179 0.480331 0.020872 0.044540
0 0.575382 0.435615 0.018252 0.031429
0 0.583953 0.401987 0.037332 0.051035
0 0.640371 0.392822 0.019766 0.024327
0 0.660866 0.400875 0.022234 0.026149
0 0.507621 0.592849 0.022095 0.026828
0 0.562123 0.537966 0.027817 0.030686
0 0.642399 0.539645 0.038787 0.069999
0 0.584661 0.565600 0.028150 0.031476
0 0.605603 0.540476 0.021817 0.025162
0 0.537797 0.561080 0.016499 0.022388
0 0.414043 0.555473 0.027140 0.032815
0 0.459044 0.564634 0.032632 0.071007