0 0.383832 0.683190 0.050702 0.065710
1 0.719786 0.352438 0.044956 0.125301
1 0.509479 0.544119 0.068860 0.059699
0 0.490839 0.358736 0.036404 0.082923
0 0.414303 0.322739 0.078947 0.072951
0 0.339720 0.312766 0.022697 0.030328
0 0.384441 0.375335 0.032599 0.055464
0 0.328339 0.364747 0.034868 0.041940
0 0.324062 0.404979 0.046053 0.039071
0 0.268909 0.408941 0.054605 0.080874
0 0.213004 0.406960 0.067950 0.077186
0 0.392209 0.433087 0.030592 0.040369
0 0.337302 0.481489 0.031853 0.037964
0 0.668596 0.500608 0.031985 0.036066
0 0.636118 0.492432 0.030691 0.059495
0 0.589600 0.512350 0.026711 0.039358
0 0.536124 0.483258 0.047368 0.060383
0 0.495279 0.448285 0.045285 0.073497
0 0.322286 0.554126 0.030307 0.042691
0 0.243360 0.556714 0.032237 0.060464
0 0.447703 0.573764 0.029693 0.043306
0 0.095910 0.002831 0.032182 0.005662
0 0.303832 0.624706 0.043092 0.049071
0 0.379216 0.591195 0.033114 0.037131
0 0.501913 0.721305 0.026754 0.032377
0 0.462297 0.703210 0.041689 0.036598
0 0.651365 0.562083 0.050000 0.055191
0 0.368799 0.747876 0.042105 0.072404
0 0.416063 0.713176 0.025450 0.031694
0 0.470718 0.642514 0.049013 0.050888
0 0.625214 0.636503 0.027961 0.034221
0 0.568223 0.598764 0.059485 0.044399
0 0.579314 0.643702 0.046294 0.041134
1 0.432313 0.671332 0.022577 0.034781
0 0.492977 0.201366 0.030811 0.052309
1 0.371513 0.529078 0.060143 0.053169
0 0.626694 0.219091 0.042325 0.060464
0 0.558711 0.202384 0.053728 0.078142
0 0.440340 0.211537 0.031919 0.057104
0 0.387801 0.259488 0.075811 0.038798
0 0.645170 0.369255 0.031031 0.049863
0 0.517790 0.327971 0.028246 0.035164
0 0.626387 0.336537 0.038289 0.038525
0 0.555148 0.375198 0.035855 0.084699
0 0.603613 0.275335 0.037390 0.046448
0 0.539380 0.287964 0.025219 0.033757