0 0.525660 0.591965 0.048112 0.081020
0 0.538124 0.618908 0.025900 0.033800
0 0.584368 0.589968 0.026226 0.032211
0 0.570184 0.283174 0.026754 0.039233
0 0.429529 0.353296 0.025945 0.027257
0 0.458349 0.316024 0.025719 0.037778
0 0.476832 0.283568 0.026887 0.032229
0 0.496409 0.305528 0.028466 0.036336
0 0.402919 0.420947 0.060855 0.051566
0 0.450693 0.406101 0.044898 0.056712
0 0.495900 0.391375 0.031983 0.054365
0 0.528185 0.373686 0.043596 0.087387
0 0.628351 0.423669 0.049824 0.068988
0 0.564036 0.440346 0.026727 0.042181
0 0.490280 0.489511 0.045108 0.042608
0 0.350527 0.638238 0.049745 0.062790
0 0.616296 0.547336 0.051064 0.054521
0 0.598067 0.573674 0.038156 0.045504
0 0.355942 0.508081 0.034569 0.032906
0 0.440102 0.453074 0.023407 0.026313
0 0.393141 0.468391 0.054767 0.051307
0 0.651167 0.518215 0.050562 0.036283
1 0.471102 0.662808 0.038045 0.054986
1 0.591993 0.409617 0.059063 0.069967
0 0.492597 0.439626 0.045453 0.035478
0 0.387191 0.631668 0.044970 0.049962
0 0.416412 0.674786 0.038129 0.047990
0 0.453944 0.681615 0.036459 0.046652
0 0.446251 0.720510 0.038864 0.039182
0 0.497317 0.683160 0.023265 0.027485
0 0.528662 0.700328 0.038746 0.054569
0 0.566046 0.665449 0.029933 0.035606
0 0.534066 0.651867 0.032812 0.032141
0 0.559852 0.612695 0.034346 0.047210
0 0.369053 0.554586 0.044166 0.052288
0 0.403663 0.574531 0.032569 0.034733
0 0.362536 0.591077 0.035643 0.043356
0 0.426449 0.593770 0.047090 0.086634
0 0.462735 0.603143 0.057054 0.063561
0 0.500249 0.545508 0.041474 0.053252
0 0.478821 0.544387 0.020507 0.026582
0 0.465908 0.566047 0.070853 0.066587
0 0.554729 0.495839 0.053085 0.057256
0 0.527374 0.513961 0.029547 0.032855
0 0.443295 0.507907 0.025355 0.032780
0 0.408257 0.523744 0.052672 0.040198