0 0.554815 0.624782 0.029063 0.032676
1 0.608839 0.621491 0.064141 0.083594
1 0.555401 0.554640 0.024141 0.050498
1 0.384839 0.487414 0.044906 0.070693
0 0.495401 0.309284 0.061172 0.042773
0 0.414561 0.307233 0.039883 0.030664
0 0.585526 0.369538 0.026422 0.026758
0 0.556339 0.388874 0.031797 0.054297
0 0.453948 0.352043 0.025141 0.028154
0 0.421026 0.364753 0.037109 0.038281
0 0.335104 0.421442 0.030328 0.079980
0 0.300714 0.442829 0.045234 0.077637
0 0.407737 0.422004 0.048187 0.062861
0 0.453964 0.396769 0.050891 0.035576
0 0.596925 0.411774 0.035469 0.045410
0 0.514346 0.438581 0.028437 0.060020
0 0.559151 0.456452 0.026328 0.030078
0 0.609893 0.462897 0.028750 0.039258
0 0.577745 0.493415 0.043047 0.039160
0 0.307042 0.516657 0.028828 0.053613
0 0.335792 0.514850 0.030234 0.062109
0 0.605374 0.719684 0.025430 0.030371
0 0.528604 0.727155 0.027109 0.029883
0 0.462628 0.744440 0.029375 0.031055
0 0.417628 0.752302 0.034375 0.030762
0 0.451417 0.702546 0.019766 0.021875
0 0.534347 0.652350 0.042500 0.039453
0 0.477221 0.662848 0.042188 0.074512
0 0.415245 0.673200 0.032578 0.033301
0 0.630792 0.642682 0.020859 0.029102
0 0.593761 0.577302 0.028672 0.026660
0 0.425753 0.703522 0.020313 0.027148
0 0.608057 0.546003 0.029766 0.029687
0 0.639011 0.550251 0.021641 0.025879
0 0.503253 0.577790 0.028906 0.030566
0 0.477276 0.611774 0.026172 0.027832
0 0.442022 0.610358 0.039602 0.061133
0 0.415518 0.632038 0.027344 0.027344
0 0.486686 0.528171 0.026711 0.051641
0 0.452972 0.503996 0.027406 0.054717
0 0.420585 0.488288 0.037742 0.047266
0 0.364112 0.575934 0.017656 0.023730
0 0.366729 0.612751 0.024453 0.042090
0 0.398331 0.595124 0.041719 0.044141
0 0.448917 0.547350 0.040859 0.033047
0 0.411300 0.538019 0.026719 0.056494