0 0.376931 0.213113 0.038819 0.076614
0 0.205193 0.394922 0.048592 0.048979
0 0.336165 0.389723 0.054199 0.043367
0 0.394215 0.302993 0.033872 0.065858
0 0.353473 0.309413 0.013495 0.027871
0 0.306757 0.295069 0.078108 0.074469
0 0.139723 0.372789 0.034064 0.039515
0 0.134116 0.333272 0.064112 0.050738
0 0.172381 0.190802 0.073905 0.082691
0 0.230472 0.215103 0.065112 0.046336
0 0.288307 0.193343 0.086955 0.113296
0 0.362918 0.257148 0.057297 0.039750
0 0.417678 0.221792 0.046730 0.035013
0 0.414100 0.263800 0.047922 0.051967
0 0.220566 0.563891 0.030400 0.030288
0 0.117995 0.516338 0.050895 0.072646
0 0.273655 0.449710 0.046284 0.052205
0 0.671549 0.423980 0.045531 0.076856
0 0.610320 0.477299 0.038697 0.057513
0 0.493576 0.387493 0.035784 0.045012
0 0.447857 0.424160 0.033015 0.074262
0 0.747643 0.189104 0.034760 0.038301
0 0.675162 0.224073 0.037704 0.039648
0 0.637563 0.249295 0.035544 0.081156
0 0.570274 0.274512 0.031144 0.051327
0 0.654090 0.569474 0.032639 0.113719
0 0.704973 0.470910 0.058025 0.099108
0 0.560228 0.610656 0.042580 0.043114
0 0.595963 0.571400 0.037022 0.049544
0 0.541853 0.530072 0.082651 0.046666
0 0.470539 0.592435 0.046188 0.083873
0 0.581183 0.740789 0.037035 0.090226
0 0.522811 0.779551 0.066452 0.057560
0 0.491969 0.825746 0.046938 0.047031
0 0.420433 0.822064 0.066608 0.044594
0 0.402355 0.903997 0.122474 0.048955
0 0.273062 0.828067 0.075895 0.053398
1 0.642396 0.386441 0.082054 0.119605
0 0.162240 0.763333 0.047866 0.094013
0 0.089225 0.695062 0.048381 0.115033
0 0.214494 0.714750 0.049502 0.135248
0 0.145110 0.671954 0.029597 0.038188
0 0.171908 0.663521 0.031378 0.040958
0 0.164937 0.611656 0.067779 0.053071
0 0.326265 0.652001 0.031949 0.078102
0 0.396244 0.581451 0.035821 0.044741