0 0.446947 0.634736 0.024852 0.031078
0 0.447460 0.635169 0.024780 0.031565
1 0.478193 0.328493 0.064841 0.043021
0 0.546438 0.316371 0.022898 0.030955
0 0.604644 0.439012 0.034415 0.033741
0 0.413057 0.354490 0.038491 0.034770
0 0.537574 0.397549 0.034544 0.035207
0 0.609433 0.546625 0.018906 0.022507
0 0.584856 0.530391 0.022687 0.026754
0 0.582111 0.490531 0.039829 0.029614
0 0.331134 0.456250 0.027470 0.034236
0 0.347520 0.476741 0.020811 0.030244
0 0.378707 0.488494 0.032069 0.045524
0 0.427985 0.534682 0.042730 0.048494
0 0.355391 0.518683 0.032417 0.030884
0 0.352669 0.576829 0.027603 0.038436
0 0.423472 0.586698 0.027578 0.029942
0 0.660778 0.579356 0.018824 0.023481
0 0.605044 0.571616 0.037799 0.041634
0 0.555695 0.556882 0.023672 0.029822
0 0.516026 0.557023 0.036091 0.043623
0 0.488827 0.583942 0.029627 0.043930
0 0.461529 0.563593 0.029043 0.047047
0 0.586571 0.611332 0.047078 0.035078
0 0.595093 0.659321 0.023264 0.041113
0 0.573832 0.682647 0.030541 0.048042
0 0.508792 0.649996 0.038745 0.042291
0 0.463428 0.614036 0.025769 0.028308
0 0.463644 0.662988 0.029361 0.029477
0 0.464015 0.697410 0.029517 0.029381
0 0.431881 0.669603 0.025656 0.029917
0 0.381363 0.542419 0.027663 0.043026
0 0.486135 0.413308 0.018435 0.024160
0 0.540642 0.458793 0.033328 0.040756
0 0.503449 0.438817 0.053233 0.057906
0 0.390707 0.444682 0.020158 0.024476
0 0.636299 0.407591 0.025343 0.039968
0 0.536078 0.351714 0.060282 0.040717
0 0.603130 0.355822 0.039270 0.040639
0 0.468143 0.383510 0.031299 0.036727
0 0.645738 0.465774 0.023694 0.032137
0 0.663007 0.506714 0.036106 0.051923
0 0.634610 0.529156 0.044372 0.036604
0 0.446056 0.465641 0.020590 0.025262
0 0.491239 0.490201 0.035919 0.029270
0 0.549051 0.509610 0.024180 0.035843