0 0.625122 0.530226 0.044576 0.041660
1 0.640315 0.353888 0.072402 0.063424
0 0.608966 0.371232 0.051698 0.055286
0 0.570760 0.326377 0.039262 0.070334
0 0.527889 0.325516 0.029059 0.031997
0 0.577014 0.400491 0.034742 0.036528
0 0.618330 0.434163 0.046484 0.037610
0 0.676475 0.431890 0.028420 0.047098
0 0.655593 0.460013 0.028135 0.027489
0 0.657280 0.497103 0.064406 0.079381
0 0.642254 0.506937 0.042595 0.049001
0 0.597880 0.514452 0.021635 0.029221
0 0.589995 0.543500 0.035840 0.044770
0 0.546569 0.525735 0.048424 0.038658
0 0.474832 0.387116 0.034534 0.054571
0 0.427947 0.394074 0.048685 0.086998
0 0.390926 0.414450 0.033060 0.051518
0 0.362962 0.424412 0.027817 0.045809
0 0.363429 0.369232 0.044480 0.050041
0 0.330202 0.406477 0.040180 0.068426
0 0.415673 0.544733 0.032125 0.039679
0 0.446648 0.542651 0.037343 0.075100
0 0.565664 0.595882 0.037725 0.030717
0 0.587093 0.571226 0.031190 0.045056
0 0.724616 0.598707 0.036734 0.050471
0 0.667062 0.606491 0.057607 0.044484
0 0.636501 0.568552 0.057375 0.049920
0 0.608457 0.626218 0.029114 0.054165
0 0.602318 0.629243 0.042603 0.030135
0 0.632805 0.659208 0.021192 0.027938
0 0.622831 0.708806 0.022856 0.038274
0 0.580172 0.695319 0.033378 0.037982
0 0.533207 0.676361 0.047412 0.042939
0 0.581257 0.656337 0.033444 0.042897
0 0.542886 0.621607 0.050769 0.087502
0 0.449889 0.679260 0.038816 0.097766
0 0.474426 0.653465 0.044860 0.058967
0 0.406804 0.473183 0.033373 0.052886
0 0.481281 0.573676 0.032705 0.037729
0 0.384785 0.478051 0.022468 0.027743
0 0.489703 0.538946 0.054771 0.057638
0 0.467522 0.610806 0.045242 0.042516
0 0.444968 0.448930 0.027701 0.037876
0 0.378610 0.512125 0.030101 0.028807
0 0.412522 0.630746 0.054770 0.040846
0 0.517224 0.635028 0.027909 0.040738