0 0.498119 0.604485 0.031416 0.032721
0 0.662374 0.517017 0.023676 0.035333
0 0.602699 0.726107 0.027321 0.025098
0 0.690943 0.663958 0.022019 0.029532
0 0.619438 0.670268 0.022859 0.026182
0 0.637899 0.661538 0.015588 0.022961
0 0.662809 0.674675 0.021944 0.027609
0 0.695149 0.632543 0.025431 0.034615
0 0.727237 0.609649 0.018169 0.022771
0 0.700466 0.559085 0.030270 0.028759
0 0.578812 0.657059 0.029783 0.042344
0 0.520732 0.619477 0.031118 0.033452
0 0.553627 0.600509 0.040167 0.036888
0 0.604288 0.572727 0.021765 0.026726
0 0.613274 0.604629 0.023705 0.038245
0 0.637737 0.606971 0.019210 0.029141
0 0.481056 0.234869 0.035741 0.045663
0 0.474573 0.164720 0.011826 0.009595
0 0.388050 0.603550 0.033255 0.043367
0 0.354950 0.568329 0.018535 0.022621
0 0.401837 0.557266 0.023483 0.037646
0 0.327747 0.523220 0.021696 0.035430
1 0.360388 0.442293 0.032685 0.050385
0 0.420030 0.391510 0.052152 0.038556
0 0.452307 0.308969 0.043454 0.031523
0 0.477601 0.289765 0.023704 0.025610
0 0.522043 0.279109 0.025933 0.037641
0 0.570544 0.254026 0.030223 0.049622
0 0.619773 0.289189 0.028916 0.038942
0 0.603212 0.356486 0.017392 0.021341
0 0.630952 0.347099 0.023705 0.038916
0 0.521740 0.323703 0.044227 0.028262
0 0.574167 0.323943 0.023307 0.039444
0 0.496294 0.359256 0.024786 0.033010
0 0.557421 0.363842 0.036586 0.037049
0 0.466326 0.342237 0.049983 0.042996
0 0.501426 0.384324 0.051493 0.045468
0 0.534330 0.390952 0.019018 0.025615
0 0.542384 0.414490 0.018942 0.022161
0 0.561213 0.430923 0.032160 0.035190
0 0.583709 0.404225 0.027647 0.029319
0 0.511837 0.563304 0.028661 0.033935
0 0.489645 0.484126 0.021053 0.026654
0 0.509890 0.459665 0.019490 0.024263
0 0.584955 0.482519 0.034939 0.030733
0 0.556283 0.629323 0.037199 0.040374
1 0.517789 0.497587 0.067284 0.096108