1 0.396250 0.483829 0.078708 0.034534
1 0.454137 0.514887 0.077681 0.033264
0 0.374740 0.599502 0.030189 0.044235
0 0.419600 0.568710 0.043356 0.052965
0 0.404051 0.646727 0.037198 0.030415
0 0.439278 0.605380 0.032374 0.032990
0 0.481729 0.585635 0.028515 0.033137
0 0.508147 0.570711 0.028377 0.040540
0 0.521128 0.605583 0.032176 0.038815
0 0.551162 0.574078 0.024293 0.025218
0 0.601334 0.586520 0.043162 0.043450
0 0.627162 0.626097 0.055682 0.065379
0 0.451805 0.634753 0.021366 0.027708
0 0.505887 0.656850 0.049856 0.033014
0 0.417137 0.676859 0.041684 0.036515
0 0.580646 0.681034 0.025107 0.029469
0 0.499484 0.703318 0.039134 0.034373
0 0.448856 0.707486 0.046540 0.036384
0 0.476742 0.733757 0.014665 0.014537
0 0.549397 0.701614 0.042751 0.056623
0 0.594014 0.347939 0.038352 0.053076
0 0.473763 0.387609 0.052146 0.041816
0 0.346119 0.412224 0.028728 0.038990
0 0.408404 0.404893 0.026742 0.031644
0 0.359961 0.450621 0.065918 0.066801
0 0.450276 0.463169 0.025349 0.035788
0 0.479516 0.453090 0.041743 0.045470
0 0.509413 0.418993 0.050938 0.041435
0 0.555487 0.430753 0.034583 0.048987
0 0.575996 0.434313 0.027540 0.032855
0 0.595027 0.455533 0.062368 0.078210
0 0.633772 0.467205 0.026423 0.052867
0 0.531483 0.484711 0.022099 0.028797
0 0.515617 0.503982 0.021921 0.026862
0 0.383860 0.539997 0.015964 0.014146
0 0.537599 0.527824 0.032253 0.029662
0 0.597375 0.539640 0.028899 0.038332
0 0.643318 0.542429 0.029724 0.069756
0 0.367214 0.522353 0.058229 0.042712
0 0.331280 0.569037 0.036927 0.062336
0 0.506669 0.339232 0.067920 0.040468
0 0.323490 0.364513 0.057000 0.032850
0 0.560034 0.373466 0.033403 0.047895
0 0.373388 0.324706 0.052007 0.038794
0 0.441735 0.282215 0.040379 0.051285
0 0.492224 0.304822 0.054659 0.037437
0 0.598784 0.384815 0.022313 0.027013