0 0.719312 0.346088 0.023588 0.025265
0 0.773878 0.393126 0.038263 0.049119
1 0.353278 0.518466 0.048630 0.079486
0 0.763852 0.425698 0.025061 0.040610
0 0.539862 0.603525 0.034927 0.045126
0 0.459789 0.645548 0.031211 0.043559
0 0.405320 0.656408 0.069098 0.060351
0 0.550568 0.818212 0.033332 0.031006
0 0.568903 0.794577 0.019847 0.023388
0 0.549096 0.749770 0.032810 0.047752
0 0.475638 0.748310 0.072128 0.057794
0 0.433062 0.759815 0.033439 0.038506
0 0.529459 0.724019 0.027568 0.038841
0 0.512637 0.701602 0.043123 0.084756
0 0.462331 0.698953 0.038627 0.048275
0 0.358400 0.623297 0.028329 0.065612
0 0.473637 0.570570 0.025623 0.050731
0 0.648780 0.331485 0.030242 0.082070
0 0.624583 0.380581 0.031376 0.061702
0 0.579594 0.347309 0.025667 0.063697
0 0.598990 0.251005 0.033733 0.054686
0 0.558091 0.252765 0.048638 0.032155
0 0.499505 0.269460 0.029212 0.027303
0 0.541280 0.398817 0.050753 0.043143
0 0.401499 0.302579 0.028052 0.027948
0 0.422647 0.341968 0.028563 0.036643
0 0.489314 0.432824 0.028782 0.030829
0 0.481884 0.401849 0.019676 0.026682
0 0.455534 0.401860 0.036464 0.036620
0 0.426116 0.410466 0.037507 0.047723
0 0.453386 0.432975 0.021751 0.029005
0 0.381788 0.395470 0.028917 0.060971
0 0.335539 0.442229 0.043270 0.080356
0 0.483567 0.522029 0.052923 0.036836
0 0.459252 0.471109 0.035193 0.029736
0 0.414887 0.478355 0.027539 0.033587
0 0.376379 0.520176 0.027556 0.037793
0 0.417023 0.508650 0.057722 0.044615
0 0.535356 0.681212 0.017818 0.016585
0 0.410864 0.594674 0.023277 0.025442
0 0.366539 0.582510 0.018656 0.020131
0 0.325512 0.619281 0.037529 0.063222
0 0.708743 0.364449 0.021755 0.024782
0 0.691254 0.342053 0.036668 0.025985
0 0.555713 0.294168 0.066034 0.047448
0 0.461154 0.310135 0.051269 0.058530
0 0.493273 0.221756 0.026063 0.030328
0 0.439700 0.256681 0.028397 0.029895