0 0.597104 0.654252 0.020959 0.022936
0 0.312814 0.495890 0.026767 0.050776
0 0.382822 0.497712 0.046531 0.054074
1 0.472375 0.645169 0.059659 0.039236
0 0.620937 0.600037 0.038009 0.028245
0 0.559147 0.620196 0.062292 0.043380
0 0.557855 0.424707 0.029900 0.062630
0 0.544899 0.686542 0.049790 0.051579
0 0.457389 0.691192 0.030537 0.033030
0 0.374649 0.639733 0.042104 0.056736
0 0.682878 0.414831 0.025023 0.039798
0 0.650626 0.460357 0.026213 0.056162
0 0.627717 0.463834 0.021731 0.032486
0 0.600753 0.490567 0.022873 0.039545
0 0.482004 0.517513 0.025465 0.032564
0 0.613649 0.379232 0.032443 0.053901
0 0.596010 0.315156 0.028756 0.026021
0 0.573720 0.331572 0.029126 0.045600
0 0.588163 0.414376 0.030644 0.048345
0 0.585704 0.463512 0.020160 0.027819
0 0.386493 0.248964 0.016248 0.018785
0 0.371807 0.296163 0.034175 0.042983
0 0.403233 0.305579 0.042542 0.048145
0 0.529886 0.335779 0.017100 0.021976
0 0.518191 0.317144 0.036282 0.034223
0 0.511996 0.355292 0.025167 0.027407
0 0.481987 0.369273 0.037720 0.026285
0 0.544149 0.375180 0.037649 0.039167
0 0.510357 0.460326 0.045520 0.037511
0 0.482270 0.422077 0.031451 0.033872
0 0.463213 0.389340 0.030880 0.036252
0 0.418668 0.361639 0.053355 0.053388
0 0.455840 0.452335 0.019860 0.022642
0 0.449643 0.497445 0.032159 0.057465
0 0.429214 0.487274 0.022853 0.045347
0 0.418617 0.443391 0.019638 0.032160
0 0.406760 0.410776 0.039555 0.052578
0 0.349712 0.407239 0.020819 0.025154
0 0.330115 0.417280 0.023362 0.027083
0 0.501604 0.593147 0.023255 0.027753
0 0.441939 0.543927 0.029134 0.031862
0 0.362224 0.553542 0.041880 0.071543
0 0.422247 0.573656 0.029503 0.032664
0 0.398921 0.550727 0.022901 0.026080
0 0.468433 0.564521 0.017474 0.023070
0 0.591025 0.546695 0.028558 0.033952
0 0.547151 0.560264 0.035793 0.072263