1 0.579047 0.532363 0.076500 0.027656
1 0.524242 0.496143 0.075578 0.026465
0 0.611043 0.419141 0.026461 0.041992
0 0.563555 0.445703 0.038984 0.049609
0 0.586172 0.369434 0.034844 0.027344
0 0.547312 0.407388 0.029719 0.030400
0 0.503234 0.423169 0.025797 0.030908
0 0.475562 0.435615 0.024969 0.038418
0 0.465824 0.399702 0.028977 0.036318
0 0.433035 0.428330 0.022258 0.023281
0 0.384211 0.411353 0.039672 0.039990
0 0.362109 0.369580 0.050313 0.061035
0 0.537523 0.376992 0.019062 0.026074
0 0.485688 0.350044 0.047422 0.028799
0 0.575895 0.338232 0.038820 0.033105
0 0.413453 0.319126 0.022687 0.027510
0 0.496312 0.304355 0.036437 0.031172
0 0.547109 0.304834 0.043750 0.032520
0 0.521742 0.276123 0.013500 0.013359
0 0.446453 0.301489 0.038031 0.053369
0 0.369688 0.649604 0.033906 0.050186
0 0.493062 0.621094 0.048922 0.037500
0 0.622422 0.608252 0.025469 0.036816
0 0.559727 0.609858 0.024141 0.029561
0 0.612148 0.568750 0.060547 0.061523
0 0.523359 0.547998 0.022344 0.033887
0 0.493320 0.555361 0.038047 0.042168
0 0.460430 0.586582 0.047734 0.037227
0 0.415625 0.570659 0.030469 0.046396
0 0.395527 0.565239 0.024836 0.030713
0 0.378516 0.542368 0.055891 0.073408
0 0.341000 0.527202 0.021844 0.051084
0 0.444461 0.519121 0.019703 0.027109
0 0.462023 0.501382 0.019703 0.025166
0 0.596520 0.477563 0.014852 0.012842
0 0.442312 0.475630 0.029906 0.027041
0 0.383867 0.458398 0.025703 0.036133
0 0.338371 0.451421 0.023617 0.067881
0 0.611484 0.496655 0.055000 0.037842
0 0.651535 0.453452 0.031602 0.059697
0 0.455871 0.666260 0.065023 0.034668
0 0.640594 0.657832 0.054672 0.027969
0 0.405859 0.627290 0.029375 0.045400
0 0.587266 0.692910 0.049063 0.034453
0 0.515320 0.728975 0.036125 0.048184
0 0.467109 0.701846 0.051875 0.032832
0 0.368309 0.612446 0.020086 0.025283