0 0.352608 0.450797 0.044015 0.041026
1 0.288903 0.615925 0.071574 0.062371
0 0.323842 0.607999 0.050912 0.054590
0 0.348044 0.661720 0.038114 0.069964
0 0.388979 0.674487 0.028599 0.031611
0 0.362679 0.588797 0.034226 0.036057
0 0.332376 0.544950 0.046012 0.036916
0 0.275899 0.530939 0.027663 0.046809
0 0.303787 0.509745 0.027757 0.027096
0 0.312497 0.473652 0.063223 0.078572
0 0.329667 0.468393 0.041880 0.048447
0 0.374379 0.473534 0.021188 0.028963
0 0.390042 0.447831 0.035170 0.044324
0 0.426802 0.476989 0.047943 0.037933
0 0.457093 0.630102 0.033666 0.054205
0 0.504060 0.636478 0.047266 0.086538
0 0.545291 0.627219 0.032243 0.051164
0 0.574923 0.625440 0.027082 0.045524
0 0.559106 0.678306 0.043756 0.049456
0 0.601392 0.651789 0.039074 0.068028
0 0.557810 0.495199 0.031534 0.039276
0 0.527481 0.488571 0.036092 0.074794
0 0.428000 0.404298 0.037339 0.030155
0 0.400551 0.422011 0.030488 0.044701
0 0.276124 0.357314 0.035958 0.050039
0 0.333568 0.365868 0.057065 0.043613
0 0.352354 0.410817 0.056725 0.049084
0 0.395349 0.363244 0.028224 0.053902
0 0.402087 0.362049 0.042256 0.029475
0 0.381153 0.324779 0.020767 0.027682
0 0.404546 0.279921 0.022240 0.038043
0 0.441760 0.304755 0.032826 0.037545
0 0.481587 0.336043 0.046842 0.042257
0 0.429861 0.341892 0.032797 0.042487
0 0.457041 0.385936 0.049352 0.087004
0 0.562416 0.356465 0.037132 0.097558
0 0.531665 0.374406 0.043965 0.058424
0 0.546399 0.566388 0.032531 0.052533
0 0.502858 0.449128 0.032154 0.037304
0 0.568903 0.567844 0.022054 0.027462
0 0.485097 0.480138 0.053957 0.056896
0 0.526415 0.417300 0.044668 0.041874
0 0.502991 0.579052 0.027120 0.037549
0 0.584324 0.536839 0.029709 0.028382
0 0.584792 0.413467 0.054282 0.040010
0 0.485425 0.380193 0.027273 0.040423