0 0.348750 0.742921 0.078221 0.099038
0 0.394041 0.716345 0.041054 0.048953
0 0.307630 0.651961 0.048514 0.054208
0 0.271548 0.576205 0.044379 0.057581
0 0.231544 0.500702 0.059607 0.070588
0 0.372863 0.517334 0.051906 0.060673
0 0.410516 0.587688 0.061315 0.063923
0 0.456699 0.649278 0.033541 0.040998
0 0.445605 0.510120 0.034064 0.037007
0 0.252076 0.605197 0.038151 0.038876
0 0.510497 0.757574 0.039752 0.044586
0 0.600190 0.716727 0.045724 0.067080
0 0.652914 0.812341 0.040322 0.047393
0 0.234825 0.417721 0.042952 0.053059
0 0.300482 0.393556 0.071590 0.064099
0 0.718954 0.684871 0.053271 0.060315
0 0.798630 0.580599 0.039631 0.044048
0 0.720390 0.615942 0.057453 0.051700
0 0.752523 0.566340 0.068861 0.075574
0 0.530779 0.609814 0.071259 0.073943
0 0.475246 0.569980 0.077965 0.081425
0 0.404519 0.445372 0.058375 0.057654
0 0.437296 0.415235 0.038402 0.043923
0 0.493765 0.471659 0.107890 0.121881
0 0.497464 0.440673 0.023092 0.030270
0 0.384554 0.372842 0.066242 0.059407
0 0.333040 0.344334 0.067000 0.072538
0 0.446492 0.335518 0.070227 0.080941
0 0.542924 0.329736 0.054264 0.069101
0 0.605806 0.315003 0.076921 0.071091
0 0.661360 0.287346 0.053108 0.077444
0 0.567397 0.388641 0.058614 0.071152
0 0.738395 0.349970 0.046775 0.059229
0 0.720384 0.415578 0.050310 0.053645
0 0.624065 0.449473 0.057082 0.068018
0 0.610396 0.552873 0.089059 0.109205
0 0.706412 0.491902 0.069674 0.069056
0 0.674678 0.548229 0.054644 0.078759
0 0.651027 0.590025 0.040941 0.049698
0 0.442564 0.250672 0.049120 0.057638
0 0.334736 0.279209 0.047544 0.053496
1 0.459906 0.752260 0.085380 0.150070
0 0.492047 0.253898 0.038664 0.043848
0 0.517219 0.716428 0.085280 0.072946
0 0.544017 0.254044 0.040233 0.049552
0 0.570855 0.201796 0.042427 0.047136