1 0.347511 0.422543 0.077138 0.109928
1 0.673581 0.366379 0.144210 0.111349
1 0.445468 0.445657 0.048601 0.085416
0 0.083527 0.535410 0.042138 0.042583
0 0.233331 0.428696 0.034604 0.044589
0 0.471999 0.192111 0.074627 0.054792
0 0.393630 0.277670 0.048928 0.054559
0 0.445542 0.291508 0.060749 0.087133
0 0.270617 0.387678 0.045555 0.050981
0 0.311704 0.319320 0.050173 0.079687
0 0.277596 0.503146 0.044131 0.054907
0 0.309746 0.477700 0.063112 0.065170
0 0.393442 0.417536 0.057390 0.053168
0 0.384696 0.357440 0.044182 0.056977
0 0.417037 0.375219 0.029808 0.032247
0 0.518411 0.261189 0.055313 0.069251
0 0.502309 0.333698 0.057891 0.064160
0 0.521032 0.373920 0.032649 0.043559
0 0.558886 0.397672 0.045992 0.051997
0 0.572948 0.444379 0.056714 0.049313
0 0.611013 0.425414 0.054974 0.061798
0 0.655510 0.407918 0.044000 0.049429
0 0.490047 0.428022 0.034811 0.040456
0 0.627538 0.216091 0.065617 0.106848
0 0.678966 0.256497 0.043933 0.054362
0 0.482752 0.471348 0.037403 0.036464
0 0.377060 0.558936 0.031869 0.036848
0 0.428267 0.526124 0.044546 0.049682
0 0.363566 0.826626 0.041341 0.051401
0 0.776494 0.374006 0.078319 0.060890
0 0.670876 0.592461 0.032962 0.037789
0 0.430425 0.663505 0.050432 0.049019
0 0.401356 0.788010 0.050653 0.062851
0 0.490713 0.599314 0.051691 0.067499
0 0.385402 0.676987 0.061907 0.077536
0 0.314793 0.561747 0.053081 0.056892
0 0.419515 0.712947 0.050067 0.062977
0 0.384114 0.750286 0.045358 0.059187
0 0.353622 0.775799 0.054173 0.067206
0 0.500381 0.704994 0.031064 0.034998
0 0.662042 0.515987 0.044054 0.069384
0 0.585554 0.528695 0.042557 0.046783
0 0.584716 0.631330 0.058677 0.062941
0 0.543073 0.613412 0.034255 0.036553
0 0.609749 0.600163 0.039369 0.044091
0 0.570386 0.675716 0.037681 0.046022