0 0.563752 0.597621 0.059427 0.029149
0 0.550887 0.623772 0.021174 0.030039
0 0.503762 0.643597 0.022556 0.026506
0 0.479731 0.609557 0.058378 0.036454
0 0.429386 0.566325 0.047247 0.045791
0 0.428526 0.461649 0.020820 0.043741
0 0.451479 0.405191 0.021904 0.024334
0 0.396819 0.650259 0.055564 0.039224
0 0.442352 0.636589 0.059924 0.056613
0 0.480490 0.680144 0.064331 0.035472
0 0.334688 0.366488 0.080224 0.037325
0 0.263590 0.445802 0.023623 0.060809
0 0.345117 0.348474 0.017874 0.019952
0 0.311058 0.311842 0.054363 0.041695
0 0.388589 0.338540 0.048817 0.049207
0 0.449919 0.352707 0.038267 0.056276
0 0.391923 0.614917 0.020200 0.025612
1 0.470639 0.531804 0.063788 0.115000
1 0.499928 0.441114 0.033194 0.070233
0 0.525642 0.420869 0.018572 0.032537
0 0.520218 0.376154 0.021050 0.024370
0 0.548662 0.374333 0.024688 0.039757
0 0.580522 0.357467 0.020430 0.032026
0 0.540873 0.326485 0.042272 0.051608
0 0.561621 0.278761 0.021481 0.036272
0 0.557252 0.435528 0.039592 0.066266
0 0.577594 0.466644 0.034899 0.098534
0 0.616573 0.459764 0.035571 0.074242
0 0.599623 0.542673 0.027169 0.060108
0 0.512233 0.539870 0.043069 0.028908
0 0.538862 0.569355 0.045262 0.041831
0 0.486477 0.502831 0.039954 0.044683
0 0.303046 0.411784 0.032809 0.022886
0 0.350997 0.414126 0.040255 0.046060
0 0.309804 0.456878 0.021642 0.046505
0 0.286077 0.499033 0.031481 0.040198
0 0.314646 0.529616 0.021290 0.030823
0 0.364913 0.665212 0.071549 0.068229
0 0.310533 0.629828 0.036194 0.056855
0 0.334822 0.590008 0.025872 0.054498
0 0.367922 0.569003 0.025975 0.040589
0 0.308404 0.557908 0.023796 0.024816
0 0.394996 0.511770 0.026073 0.039426
0 0.352374 0.478284 0.068224 0.086066
0 0.335067 0.466785 0.037230 0.027307