0 0.604140 0.384863 0.041063 0.040039
0 0.507347 0.838018 0.041086 0.032480
0 0.616523 0.794087 0.020234 0.027842
0 0.632382 0.767773 0.033828 0.027344
0 0.613058 0.730547 0.055914 0.028672
0 0.462695 0.648174 0.030547 0.063145
0 0.548437 0.691680 0.036250 0.046133
0 0.454195 0.561265 0.025891 0.063994
0 0.491039 0.573437 0.038391 0.082617
0 0.550089 0.610996 0.023648 0.032148
0 0.609062 0.633818 0.036875 0.055605
0 0.724562 0.620996 0.059297 0.033203
0 0.672703 0.494189 0.021469 0.024121
0 0.736539 0.530664 0.023547 0.094531
0 0.715957 0.526909 0.028164 0.032529
0 0.429023 0.359521 0.043359 0.045410
0 0.555984 0.451353 0.049984 0.022627
0 0.500937 0.374512 0.019844 0.033398
0 0.523679 0.416846 0.031422 0.045605
0 0.555546 0.414111 0.038438 0.047363
0 0.596875 0.419424 0.063438 0.063262
0 0.641816 0.408384 0.025195 0.045537
0 0.672656 0.400342 0.030625 0.038379
0 0.534882 0.356299 0.049297 0.047949
0 0.571664 0.330693 0.053484 0.030332
0 0.637718 0.356641 0.025875 0.035742
0 0.680609 0.740625 0.029094 0.037109
0 0.660351 0.698955 0.034922 0.052988
0 0.680742 0.683916 0.016797 0.023379
0 0.613328 0.690137 0.024469 0.041992
0 0.647722 0.578271 0.071883 0.069238
0 0.679961 0.546074 0.034609 0.057656
0 0.382773 0.409131 0.024969 0.026465
0 0.451398 0.448730 0.025641 0.049922
0 0.477605 0.463755 0.019586 0.035908
0 0.515894 0.525781 0.023367 0.030469
0 0.490820 0.573535 0.039141 0.083398
0 0.680546 0.459717 0.049844 0.058887
0 0.569492 0.494238 0.054141 0.053516
0 0.623906 0.471191 0.049531 0.052734
0 0.653234 0.550928 0.018109 0.029980
0 0.646476 0.509648 0.030922 0.025742
0 0.661132 0.644580 0.018984 0.039355
0 0.640586 0.646826 0.023047 0.052832
0 0.686320 0.651074 0.020172 0.038867
0 0.708937 0.671953 0.019437 0.026328
1 0.709492 0.571094 0.019453 0.058594