0 0.267724 0.667082 0.070845 0.094569
0 0.318992 0.655716 0.037496 0.046497
0 0.256557 0.567885 0.044685 0.051174
0 0.245512 0.484705 0.040051 0.055096
0 0.230656 0.400560 0.054491 0.067005
0 0.360019 0.459832 0.047532 0.057523
0 0.374220 0.538354 0.056948 0.059920
0 0.399232 0.611159 0.030530 0.039028
0 0.431456 0.475330 0.031484 0.034837
0 0.218070 0.506308 0.035526 0.036353
0 0.417133 0.730749 0.036597 0.042105
0 0.515040 0.719454 0.040464 0.064802
0 0.535817 0.826647 0.036897 0.044956
0 0.259289 0.322607 0.039038 0.050557
0 0.329195 0.319797 0.067579 0.059042
0 0.637846 0.725652 0.048984 0.057011
0 0.745718 0.650924 0.036526 0.041561
0 0.660402 0.660501 0.054208 0.047651
0 0.706228 0.623180 0.063567 0.071217
0 0.481857 0.596380 0.066220 0.069279
0 0.441259 0.541402 0.072398 0.076341
0 0.412265 0.401086 0.054548 0.053727
0 0.452719 0.382485 0.035266 0.041557
0 0.489108 0.453537 0.099236 0.115180
0 0.502153 0.425189 0.020808 0.028988
0 0.415564 0.325931 0.062521 0.054732
0 0.375308 0.282967 0.061951 0.068263
0 0.485977 0.309455 0.064428 0.076638
0 0.579516 0.333600 0.049106 0.066015
0 0.643882 0.338911 0.072382 0.065739
0 0.705248 0.329672 0.047047 0.074780
0 0.584696 0.397175 0.053403 0.067691
0 0.759301 0.412945 0.042364 0.056556
0 0.721993 0.469839 0.046603 0.050404
0 0.619918 0.472482 0.052139 0.064602
0 0.575124 0.566672 0.081028 0.103986
0 0.685234 0.538171 0.065082 0.064378
0 0.637720 0.582015 0.048503 0.075986
0 0.602366 0.614517 0.037301 0.047281
0 0.508322 0.227511 0.044958 0.054666
0 0.396944 0.221517 0.043753 0.050536
1 0.370625 0.710140 0.072997 0.146719
0 0.554417 0.245792 0.035545 0.041453
0 0.436179 0.693663 0.080855 0.066798
0 0.603826 0.261908 0.036583 0.047203
0 0.645426 0.220441 0.039106 0.044473