0 0.692595 0.294308 0.036709 0.041091
0 0.509104 0.303536 0.044171 0.057052
0 0.559998 0.296375 0.048760 0.056994
0 0.608565 0.151716 0.058107 0.080009
0 0.658084 0.734249 0.063914 0.069795
0 0.619827 0.653466 0.082992 0.086382
0 0.736499 0.538508 0.038906 0.059332
0 0.650558 0.582617 0.051281 0.079739
0 0.686980 0.560870 0.090200 0.107867
0 0.565733 0.583706 0.102392 0.063934
0 0.519815 0.516239 0.060513 0.066007
0 0.466102 0.457926 0.051106 0.059397
0 0.457917 0.407809 0.043469 0.062912
0 0.359537 0.424049 0.032266 0.044772
0 0.623378 0.443025 0.032914 0.035995
0 0.652024 0.439644 0.061948 0.091688
0 0.693190 0.481736 0.044424 0.054903
0 0.726555 0.449406 0.039647 0.056932
0 0.756665 0.401705 0.045605 0.041146
0 0.609777 0.333044 0.065458 0.048601
0 0.660174 0.345468 0.032761 0.039656
0 0.727252 0.334531 0.050377 0.052107
0 0.429081 0.264179 0.045039 0.086751
0 0.695148 0.255709 0.079209 0.071175
0 0.568016 0.221294 0.052026 0.110672
0 0.529258 0.178510 0.051802 0.078742
0 0.502863 0.220772 0.047277 0.072724
1 0.619656 0.384438 0.079917 0.064959
0 0.441516 0.131688 0.081827 0.067662
0 0.312942 0.315324 0.057603 0.077099
0 0.365580 0.260723 0.035797 0.048970
0 0.473890 0.776907 0.053911 0.072815
0 0.411666 0.770527 0.064999 0.052642
0 0.481979 0.645881 0.045372 0.084021
0 0.240252 0.763002 0.052364 0.106160
0 0.306267 0.675229 0.060840 0.049518
0 0.292747 0.626301 0.039944 0.047048
0 0.351116 0.630925 0.066729 0.047473
0 0.337535 0.562999 0.080496 0.078203
0 0.416347 0.623110 0.059128 0.110417
0 0.666808 0.699282 0.033217 0.042250
0 0.746652 0.656945 0.045508 0.047965
0 0.724321 0.687677 0.043137 0.054192
0 0.495067 0.479643 0.037846 0.046609
0 0.594522 0.471117 0.035069 0.035797