0 0.693780 0.494053 0.043231 0.084094
0 0.341984 0.435460 0.025794 0.034172
0 0.429570 0.389973 0.037399 0.068058
0 0.439669 0.417866 0.039290 0.038980
0 0.481659 0.436492 0.054175 0.032874
0 0.556578 0.404473 0.051223 0.056238
0 0.458086 0.362748 0.031675 0.031116
0 0.501110 0.372635 0.024726 0.024907
0 0.535208 0.365499 0.021108 0.029219
0 0.589305 0.361148 0.027695 0.040707
0 0.390853 0.336642 0.055500 0.036965
0 0.484195 0.331585 0.032702 0.041191
0 0.516308 0.316712 0.026719 0.056119
0 0.559646 0.327705 0.030295 0.027648
0 0.601913 0.303183 0.025092 0.033180
1 0.318574 0.478919 0.033960 0.150880
0 0.674077 0.403847 0.034740 0.038684
0 0.355527 0.522568 0.025712 0.050972
0 0.451455 0.628515 0.039268 0.046717
0 0.411939 0.626235 0.035061 0.055044
0 0.456526 0.677088 0.038112 0.048933
0 0.504197 0.736784 0.026533 0.026015
0 0.527675 0.717970 0.037081 0.030320
0 0.495355 0.682110 0.021787 0.030504
0 0.522588 0.684261 0.025193 0.038314
0 0.501224 0.709046 0.021214 0.028148
0 0.391445 0.708262 0.030170 0.033694
0 0.435120 0.717127 0.026921 0.036845
0 0.451374 0.757202 0.032499 0.035750
0 0.609056 0.744829 0.043569 0.034527
0 0.478369 0.649819 0.021802 0.024084
0 0.339934 0.645694 0.020674 0.024222
0 0.539501 0.613916 0.040554 0.036698
0 0.366238 0.626259 0.031843 0.057532
0 0.662022 0.659837 0.029597 0.051526
0 0.693597 0.646789 0.039480 0.034925
0 0.376235 0.584133 0.039977 0.039923
0 0.477109 0.574539 0.033849 0.051102
0 0.523735 0.564568 0.023802 0.031236
0 0.600620 0.542333 0.043417 0.033753
0 0.376049 0.498208 0.025411 0.039891
0 0.408139 0.476009 0.032784 0.064121
0 0.429117 0.512570 0.022396 0.034695
0 0.462541 0.490264 0.029644 0.060825
0 0.557203 0.474899 0.054625 0.043031
0 0.632921 0.476053 0.024805 0.033583
0 0.651598 0.422751 0.043583 0.050822