0 0.554311 0.579986 0.029063 0.032676
1 0.608335 0.576695 0.064141 0.083594
1 0.554897 0.509844 0.024141 0.050498
1 0.384335 0.442618 0.044906 0.070693
0 0.494897 0.264488 0.061172 0.042773
0 0.414057 0.262437 0.039883 0.030664
0 0.585022 0.324742 0.026422 0.026758
0 0.555835 0.344078 0.031797 0.054297
0 0.453444 0.307247 0.025141 0.028154
0 0.420522 0.319957 0.037109 0.038281
0 0.334600 0.376646 0.030328 0.079980
0 0.300210 0.398033 0.045234 0.077637
0 0.407233 0.377208 0.048187 0.062861
0 0.453460 0.351973 0.050891 0.035576
0 0.596421 0.366978 0.035469 0.045410
0 0.513842 0.393785 0.028437 0.060020
0 0.558647 0.411656 0.026328 0.030078
0 0.609389 0.418101 0.028750 0.039258
0 0.577241 0.448619 0.043047 0.039160
0 0.306538 0.471861 0.028828 0.053613
0 0.335288 0.470054 0.030234 0.062109
0 0.604870 0.674888 0.025430 0.030371
0 0.528100 0.682359 0.027109 0.029883
0 0.462124 0.699644 0.029375 0.031055
0 0.417124 0.707506 0.034375 0.030762
0 0.450913 0.657750 0.019766 0.021875
0 0.533843 0.607554 0.042500 0.039453
0 0.476717 0.618052 0.042188 0.074512
0 0.414741 0.628404 0.032578 0.033301
0 0.630288 0.597886 0.020859 0.029102
0 0.593257 0.532506 0.028672 0.026660
0 0.425249 0.658726 0.020313 0.027148
0 0.607553 0.501207 0.029766 0.029687
0 0.638507 0.505455 0.021641 0.025879
0 0.502749 0.532994 0.028906 0.030566
0 0.476772 0.566978 0.026172 0.027832
0 0.441518 0.565562 0.039602 0.061133
0 0.415014 0.587242 0.027344 0.027344
0 0.486182 0.483375 0.026711 0.051641
0 0.452468 0.459200 0.027406 0.054717
0 0.420081 0.443492 0.037742 0.047266
0 0.363608 0.531138 0.017656 0.023730
0 0.366225 0.567955 0.024453 0.042090
0 0.397827 0.550328 0.041719 0.044141
0 0.448413 0.502554 0.040859 0.033047
0 0.410796 0.493223 0.026719 0.056494