0 0.590587 0.616478 0.058439 0.047380
0 0.632451 0.377114 0.032612 0.044712
0 0.585087 0.388325 0.046606 0.046252
0 0.566834 0.288467 0.028233 0.034807
0 0.603017 0.302398 0.046264 0.049406
0 0.573197 0.336207 0.059333 0.052557
0 0.463107 0.093867 0.063062 0.048642
0 0.409012 0.169420 0.084311 0.101427
0 0.357373 0.214752 0.033655 0.035387
0 0.505624 0.362424 0.042100 0.066854
0 0.337795 0.261358 0.038044 0.050343
0 0.364000 0.324457 0.041840 0.053324
0 0.313435 0.326212 0.037915 0.049260
0 0.423586 0.308012 0.031753 0.045507
0 0.384113 0.276040 0.049343 0.086175
0 0.424620 0.364547 0.051848 0.064248
0 0.390072 0.388498 0.036073 0.042361
0 0.456689 0.386303 0.044451 0.064359
0 0.357154 0.438389 0.035999 0.041459
0 0.754423 0.727599 0.043854 0.062217
0 0.594378 0.723362 0.034124 0.038778
0 0.593340 0.791197 0.032027 0.038108
0 0.674418 0.751117 0.083896 0.069051
0 0.559683 0.744370 0.050878 0.055330
0 0.672955 0.597099 0.048303 0.047803
0 0.675994 0.669712 0.067253 0.073165
0 0.645845 0.697984 0.042991 0.051381
0 0.597302 0.672914 0.053603 0.064342
0 0.527406 0.593090 0.065309 0.058925
0 0.655234 0.452625 0.051245 0.053365
0 0.675813 0.499757 0.039414 0.055982
0 0.707797 0.528447 0.039662 0.049286
0 0.760809 0.538718 0.042883 0.045904
0 0.683084 0.807024 0.023489 0.022085
0 0.691385 0.778280 0.029691 0.035914
0 0.559044 0.437734 0.082380 0.083564
0 0.567645 0.499443 0.036863 0.032910
0 0.501237 0.468648 0.055783 0.054217
0 0.391316 0.476797 0.076840 0.080078
0 0.411729 0.520293 0.027127 0.029721
0 0.451909 0.509445 0.065214 0.072769
0 0.519874 0.523352 0.059477 0.081181
0 0.492111 0.567350 0.029330 0.036681
1 0.523151 0.240667 0.049018 0.101720
1 0.461964 0.240507 0.075079 0.116143
0 0.486867 0.201961 0.021209 0.026453
0 0.544675 0.164332 0.045343 0.044757
0 0.581614 0.201301 0.045737 0.051202
0 0.619329 0.234774 0.047792 0.068694