0 0.749978 0.585517 0.023672 0.033953
0 0.791094 0.555459 0.034434 0.060204
0 0.618812 0.567291 0.029123 0.028793
0 0.671112 0.563901 0.041439 0.051262
0 0.720228 0.590827 0.043851 0.045112
0 0.738183 0.505509 0.025709 0.028520
0 0.736456 0.529458 0.023324 0.027325
0 0.701859 0.471078 0.073926 0.041588
1 0.722565 0.555693 0.034859 0.057948
0 0.518068 0.704374 0.023855 0.027058
0 0.679991 0.385680 0.036459 0.034040
0 0.654438 0.401357 0.043181 0.063304
0 0.548771 0.389455 0.041473 0.035402
0 0.641739 0.455800 0.046284 0.045690
0 0.623110 0.487743 0.070272 0.060021
0 0.543264 0.448578 0.050660 0.059280
0 0.534178 0.500924 0.060841 0.074967
0 0.493718 0.487851 0.026900 0.029789
0 0.457587 0.499395 0.034544 0.029901
0 0.514286 0.329804 0.052293 0.054988
0 0.496681 0.373513 0.037214 0.056391
0 0.449535 0.396015 0.020766 0.025374
0 0.458877 0.422753 0.023758 0.027249
0 0.514458 0.330019 0.052147 0.054675
0 0.418907 0.425774 0.043429 0.040798
0 0.386525 0.443073 0.029516 0.030267
0 0.401406 0.472992 0.028383 0.027183
0 0.355334 0.486988 0.029281 0.034496
0 0.437910 0.547280 0.042915 0.030904
0 0.394035 0.522672 0.044693 0.037422
0 0.322583 0.584859 0.033514 0.035045
0 0.703338 0.742795 0.029867 0.040526
0 0.720360 0.671346 0.047771 0.035374
0 0.673615 0.690380 0.045874 0.059667
0 0.676337 0.618969 0.026644 0.040396
0 0.647941 0.644786 0.033332 0.030510
0 0.589368 0.693027 0.032408 0.038001
0 0.524614 0.744645 0.050603 0.054874
0 0.572844 0.618009 0.053171 0.050015
0 0.564821 0.644456 0.027025 0.025605
0 0.558305 0.694435 0.063714 0.069553
0 0.529608 0.673147 0.042279 0.041152
0 0.560911 0.548223 0.018298 0.023890
0 0.511828 0.532586 0.042834 0.040827
0 0.534144 0.500782 0.060802 0.075406
0 0.430358 0.670676 0.026015 0.039530
0 0.404351 0.684884 0.047090 0.048481
0 0.470189 0.608117 0.058228 0.053099
0 0.415749 0.602063 0.041419 0.046981
0 0.466906 0.639260 0.035572 0.028980