0 0.414707 0.367985 0.043771 0.041170
0 0.448804 0.391669 0.032490 0.042730
0 0.480251 0.357605 0.036817 0.041116
0 0.543946 0.355730 0.071774 0.049538
0 0.569528 0.248257 0.058696 0.040706
0 0.627946 0.402364 0.047255 0.070444
0 0.682419 0.424679 0.030923 0.037157
0 0.314525 0.408444 0.030360 0.057124
0 0.332558 0.429831 0.021471 0.028144
0 0.348984 0.457761 0.036098 0.036183
0 0.337459 0.484449 0.037199 0.030420
0 0.577097 0.406733 0.037626 0.062884
1 0.700185 0.506154 0.087430 0.111605
0 0.520516 0.088824 0.040205 0.090647
0 0.540178 0.176360 0.036415 0.068450
0 0.437079 0.207158 0.029527 0.034662
0 0.331108 0.300033 0.048860 0.062108
0 0.736471 0.329181 0.039756 0.050947
0 0.524648 0.299482 0.066004 0.054178
0 0.659778 0.255648 0.035626 0.051759
0 0.587000 0.177864 0.067744 0.050343
0 0.469348 0.220521 0.056909 0.083976
0 0.329769 0.367230 0.090342 0.041389
0 0.287370 0.257556 0.046997 0.048440
0 0.611867 0.281708 0.061180 0.066886
0 0.568282 0.281917 0.027761 0.040897
0 0.571163 0.520593 0.036324 0.081391
0 0.629964 0.580208 0.072219 0.070738
0 0.264979 0.562426 0.036192 0.072479
0 0.419561 0.499173 0.031453 0.062109
0 0.369881 0.530037 0.048740 0.078061
0 0.648159 0.650621 0.041041 0.050625
0 0.704643 0.695433 0.057793 0.086477
0 0.638974 0.749547 0.053284 0.067721
0 0.578673 0.768865 0.032927 0.063320
0 0.294039 0.603356 0.034515 0.073808
0 0.341566 0.609172 0.035306 0.075896
0 0.392565 0.635823 0.058670 0.050842
0 0.404820 0.750065 0.047022 0.050478
0 0.376193 0.703606 0.041056 0.040990
0 0.436244 0.672942 0.043739 0.038725
0 0.471290 0.605849 0.073157 0.112873
0 0.668732 0.536567 0.043584 0.064364
0 0.475757 0.418849 0.056134 0.072931
1 0.520434 0.478092 0.082283 0.078435
0 0.539056 0.518487 0.037954 0.041015