0 0.433239 0.294023 0.049305 0.049393
0 0.386358 0.367945 0.033129 0.049651
0 0.422772 0.455529 0.044669 0.059874
0 0.459028 0.447152 0.036859 0.075802
0 0.554727 0.554404 0.044898 0.041474
0 0.291850 0.467717 0.036093 0.032894
0 0.319086 0.516651 0.049668 0.038451
0 0.366689 0.500586 0.036307 0.054281
0 0.390047 0.543514 0.028188 0.030451
0 0.397056 0.591508 0.038233 0.041021
0 0.628594 0.396565 0.031104 0.065884
1 0.192079 0.468024 0.081419 0.064298
0 0.168429 0.512914 0.030017 0.037767
0 0.134705 0.536730 0.043114 0.058023
0 0.243393 0.626882 0.085539 0.065153
0 0.270026 0.740762 0.029510 0.033530
0 0.366884 0.733252 0.073357 0.072622
0 0.433154 0.671341 0.024071 0.032047
0 0.406149 0.666896 0.039467 0.061509
0 0.559153 0.799584 0.045041 0.101886
0 0.506494 0.824693 0.029030 0.046495
0 0.657714 0.753779 0.033867 0.066487
0 0.621982 0.745204 0.036400 0.059787
0 0.530645 0.669954 0.050378 0.033494
0 0.654999 0.636366 0.049219 0.049400
0 0.664728 0.575074 0.029237 0.041365
0 0.614545 0.514639 0.063518 0.050475
0 0.601758 0.471633 0.054739 0.036535
0 0.525311 0.504581 0.027147 0.033893
0 0.418543 0.246161 0.066012 0.053238
0 0.446413 0.189032 0.034023 0.052834
0 0.377909 0.056212 0.047263 0.038268
0 0.523908 0.049960 0.037839 0.040123
0 0.434569 0.060255 0.035247 0.084753
0 0.214822 0.261939 0.037873 0.067713
0 0.204863 0.333126 0.061768 0.061312
0 0.339380 0.385270 0.028878 0.038940
0 0.250050 0.354895 0.050590 0.106236
0 0.299614 0.344511 0.032569 0.038301
0 0.531752 0.251929 0.053274 0.044413
0 0.297931 0.432043 0.058860 0.049254
0 0.651615 0.157310 0.035370 0.041967
0 0.621988 0.264308 0.042807 0.086819
0 0.716675 0.397258 0.056513 0.078382
0 0.704055 0.309505 0.052505 0.040022