0 0.516335 0.399496 0.026432 0.039863
0 0.598212 0.247008 0.055399 0.037420
0 0.456253 0.205494 0.060936 0.045551
0 0.545334 0.275428 0.053540 0.050562
1 0.314879 0.719062 0.095877 0.042709
1 0.585859 0.369600 0.118966 0.074710
0 0.636743 0.744017 0.055888 0.052902
0 0.543316 0.721526 0.041340 0.035705
0 0.632267 0.666198 0.033716 0.072270
0 0.488490 0.788876 0.031370 0.066988
0 0.423037 0.728651 0.036922 0.036395
0 0.433700 0.637997 0.032939 0.067334
0 0.711044 0.720612 0.032388 0.042456
0 0.758575 0.639614 0.066197 0.042701
0 0.767679 0.542651 0.033578 0.036488
0 0.642191 0.530949 0.038625 0.044448
0 0.781706 0.576752 0.028349 0.041386
0 0.734039 0.747662 0.028467 0.033536
0 0.548116 0.666378 0.088281 0.073314
0 0.747972 0.436162 0.049730 0.076161
0 0.423159 0.278824 0.029809 0.045830
0 0.668111 0.458285 0.057140 0.052182
0 0.625795 0.428668 0.037516 0.075125
0 0.599772 0.502914 0.035432 0.042451
0 0.542474 0.558303 0.047387 0.079783
0 0.528613 0.496040 0.074226 0.047616
0 0.487427 0.465182 0.041544 0.041262
0 0.425219 0.424491 0.049290 0.056346
0 0.404136 0.389766 0.017514 0.028216
0 0.389228 0.446331 0.026846 0.032210
0 0.357309 0.434911 0.040466 0.050681
0 0.510878 0.358242 0.068630 0.063598
0 0.463839 0.327260 0.046558 0.082702
0 0.609890 0.278248 0.029580 0.031680
0 0.692414 0.333892 0.052260 0.052364
0 0.515936 0.399306 0.028283 0.039891
0 0.202106 0.623068 0.032734 0.036831
0 0.326867 0.670370 0.048945 0.059030
0 0.264855 0.669602 0.028755 0.034505
0 0.333051 0.608888 0.047165 0.045214
0 0.389028 0.560787 0.045425 0.043459
0 0.380698 0.511348 0.032808 0.056999
0 0.351785 0.557302 0.038156 0.055795
1 0.298793 0.414241 0.035025 0.090008
0 0.321302 0.354966 0.016201 0.022062
0 0.295786 0.311548 0.048853 0.052031
0 0.294734 0.488155 0.034352 0.046978
0 0.238533 0.480452 0.046196 0.077797