0 0.331440 0.291180 0.029976 0.050567
1 0.589218 0.183322 0.074914 0.046000
1 0.714650 0.479256 0.081757 0.144911
0 0.282856 0.356670 0.054390 0.068617
0 0.344703 0.354593 0.056104 0.063133
0 0.376897 0.307031 0.041935 0.041947
0 0.353875 0.245900 0.043965 0.043550
0 0.420452 0.254696 0.071516 0.065878
0 0.461860 0.194655 0.094574 0.057294
0 0.432426 0.361637 0.057266 0.110076
0 0.464372 0.371454 0.029293 0.039975
0 0.506008 0.267201 0.069769 0.073484
0 0.566550 0.219397 0.046241 0.039072
0 0.638384 0.239269 0.046556 0.044564
0 0.576965 0.385894 0.061929 0.044646
0 0.532456 0.352890 0.071724 0.058729
0 0.570352 0.286500 0.057538 0.052428
0 0.633286 0.330594 0.032582 0.035102
0 0.716374 0.339160 0.034661 0.060770
0 0.701708 0.283380 0.045235 0.060868
0 0.759758 0.344987 0.029094 0.032172
0 0.524976 0.422067 0.047650 0.051093
0 0.554800 0.458983 0.060622 0.056300
0 0.586592 0.560906 0.072377 0.059615
0 0.256305 0.510373 0.049198 0.087854
0 0.356257 0.610677 0.047127 0.067770
0 0.397565 0.587594 0.048041 0.073741
0 0.459827 0.630401 0.065277 0.058390
0 0.471982 0.797903 0.042374 0.045993
0 0.491637 0.852114 0.032750 0.038714
0 0.564363 0.897850 0.032457 0.035749
0 0.710379 0.832029 0.041328 0.049308
0 0.409116 0.514972 0.037915 0.041404
0 0.298679 0.477566 0.073398 0.079025
0 0.305247 0.637621 0.058735 0.085951
0 0.368369 0.877852 0.034857 0.044049
0 0.340056 0.709911 0.050611 0.073822
0 0.423269 0.770223 0.032895 0.038201
0 0.360533 0.452191 0.060815 0.052205
0 0.722494 0.715632 0.031483 0.038808
0 0.686606 0.727232 0.051622 0.041792
0 0.624572 0.677915 0.045461 0.052259
0 0.582040 0.657258 0.044820 0.052571
0 0.676774 0.480219 0.047050 0.049815
0 0.631008 0.466175 0.048473 0.065878
0 0.597547 0.481403 0.060596 0.108266