0 0.607193 0.569022 0.029914 0.041266
0 0.574807 0.560580 0.022078 0.025339
0 0.615253 0.528848 0.072182 0.047535
0 0.659843 0.490983 0.022829 0.027916
0 0.613576 0.498265 0.032916 0.024611
0 0.549457 0.525869 0.048119 0.094009
0 0.523411 0.526594 0.037659 0.054286
0 0.515652 0.473151 0.055448 0.082840
0 0.487382 0.447505 0.021157 0.031832
0 0.486021 0.536459 0.024140 0.028702
0 0.531728 0.595269 0.019449 0.023031
0 0.506189 0.585966 0.033057 0.048295
0 0.444756 0.507793 0.029815 0.030920
0 0.470142 0.470862 0.042038 0.042965
0 0.436883 0.417657 0.058797 0.047373
0 0.362638 0.423721 0.025447 0.030455
0 0.400510 0.444685 0.023757 0.047993
0 0.424958 0.485452 0.043343 0.067616
0 0.400518 0.495009 0.023188 0.022921
0 0.377970 0.468881 0.031726 0.049922
0 0.486374 0.623407 0.030122 0.028144
0 0.465155 0.588396 0.036035 0.083618
0 0.444216 0.604617 0.036625 0.034683
0 0.351225 0.471087 0.026255 0.035451
0 0.411160 0.591478 0.020665 0.024158
0 0.386656 0.592368 0.023398 0.026320
0 0.448184 0.561014 0.021297 0.037158
1 0.610223 0.466403 0.055096 0.039235
0 0.635906 0.428810 0.054506 0.037735
0 0.582345 0.422153 0.047353 0.053751
0 0.538428 0.387144 0.046801 0.059116
0 0.502892 0.345059 0.028778 0.037886
0 0.466411 0.375918 0.042017 0.041804
0 0.422726 0.310646 0.054084 0.087749
0 0.421670 0.367685 0.024413 0.028822
0 0.386241 0.336905 0.033227 0.038753
0 0.373821 0.373630 0.044210 0.052230
0 0.350830 0.393306 0.026472 0.035469
0 0.646482 0.631911 0.024338 0.042053
0 0.605083 0.617467 0.026490 0.046485
0 0.643011 0.580046 0.045627 0.027770
0 0.391828 0.562579 0.019300 0.023560
0 0.413049 0.546923 0.042515 0.052281
0 0.374024 0.530417 0.031360 0.046509
0 0.344987 0.542175 0.034223 0.067620
0 0.323837 0.485205 0.024343 0.052198