0 0.358681 0.575867 0.031540 0.038678
0 0.424696 0.342570 0.030588 0.050323
0 0.381159 0.278247 0.024201 0.076302
0 0.503620 0.288557 0.030476 0.075038
0 0.588993 0.293506 0.037115 0.029598
1 0.648040 0.444908 0.029421 0.036782
0 0.399998 0.474502 0.033719 0.045623
0 0.326255 0.491600 0.044561 0.048135
0 0.331766 0.530615 0.039224 0.035371
0 0.407330 0.355004 0.026133 0.046919
0 0.440299 0.698473 0.046116 0.036913
0 0.427925 0.666290 0.037689 0.028947
0 0.381974 0.662906 0.025918 0.024986
0 0.356186 0.630019 0.032651 0.039143
0 0.451994 0.554702 0.021019 0.037643
0 0.465616 0.641609 0.044655 0.076610
0 0.490063 0.630074 0.019045 0.025397
0 0.492279 0.596541 0.027392 0.037258
0 0.480803 0.374965 0.028384 0.034579
0 0.451416 0.345824 0.026539 0.056785
1 0.366134 0.434919 0.028849 0.073369
0 0.333842 0.350595 0.019928 0.025402
0 0.319922 0.575169 0.028205 0.033201
0 0.285545 0.556971 0.028345 0.038729
0 0.519151 0.733849 0.054674 0.050416
0 0.366071 0.703263 0.025387 0.030618
0 0.585984 0.532926 0.019057 0.030319
0 0.393712 0.209175 0.049616 0.044022
0 0.446240 0.297845 0.023513 0.033722
0 0.462239 0.407573 0.022685 0.029479
0 0.606268 0.423412 0.029750 0.045523
1 0.541456 0.415315 0.039321 0.028829
0 0.479736 0.224264 0.031283 0.030317
0 0.408275 0.295048 0.027328 0.041262
0 0.572235 0.455476 0.027897 0.065190
0 0.590304 0.339710 0.036527 0.034858
0 0.566477 0.377758 0.035168 0.051852
0 0.644854 0.533271 0.034602 0.054192
0 0.495840 0.549543 0.032551 0.028000
0 0.531372 0.614657 0.051401 0.037723
0 0.504255 0.671007 0.033955 0.078534
0 0.537672 0.756316 0.019464 0.024813
0 0.337501 0.460446 0.046203 0.055691
0 0.339435 0.396622 0.035695 0.055370
0 0.615564 0.511370 0.031090 0.084523