0 0.624024 0.496296 0.028479 0.052874
0 0.658411 0.528776 0.051131 0.032807
0 0.711858 0.639025 0.034873 0.054454
0 0.450422 0.748716 0.026116 0.036224
0 0.477142 0.716639 0.024618 0.027826
0 0.508642 0.752843 0.039511 0.035873
0 0.417229 0.481531 0.025761 0.027608
0 0.428043 0.508866 0.047845 0.050298
0 0.412952 0.456472 0.071267 0.034614
0 0.390391 0.417104 0.026842 0.025858
0 0.447208 0.402915 0.027146 0.049769
0 0.432454 0.353091 0.043122 0.033940
0 0.506878 0.282586 0.027700 0.053759
0 0.605664 0.314105 0.032384 0.035492
0 0.632215 0.346128 0.022757 0.029880
0 0.545481 0.381360 0.028157 0.036119
0 0.605224 0.388323 0.015457 0.021768
0 0.580003 0.400505 0.024010 0.041006
0 0.542100 0.429310 0.019552 0.028809
0 0.568204 0.437175 0.024178 0.035991
0 0.624211 0.429347 0.056326 0.067208
0 0.692138 0.424323 0.035719 0.031351
0 0.677189 0.456486 0.034421 0.026102
0 0.684308 0.568074 0.019383 0.026417
0 0.518625 0.723085 0.049523 0.047115
0 0.561836 0.709370 0.039693 0.028441
0 0.603720 0.711621 0.042215 0.039960
0 0.550130 0.662281 0.033749 0.037633
0 0.570499 0.613321 0.029379 0.034283
0 0.583264 0.628507 0.058972 0.051078
0 0.614739 0.590681 0.037516 0.046640
0 0.666925 0.613063 0.049987 0.042327
0 0.667513 0.655826 0.043491 0.062498
1 0.480786 0.538347 0.051832 0.056092
0 0.505463 0.522644 0.031623 0.048777
0 0.523803 0.523000 0.019565 0.020233
0 0.563791 0.523295 0.036842 0.056227
0 0.536960 0.486391 0.025871 0.058902
0 0.511207 0.583164 0.029037 0.036770
0 0.446126 0.599147 0.021622 0.026365
0 0.477443 0.590729 0.026269 0.042736
0 0.399412 0.596046 0.042710 0.047252
0 0.400314 0.658184 0.028377 0.038844
0 0.469848 0.668053 0.029733 0.028799
0 0.344398 0.519599 0.020838 0.024600
0 0.428367 0.508882 0.047680 0.050458
1 0.446462 0.631681 0.067720 0.033023
0 0.486766 0.466226 0.038702 0.028352
0 0.540698 0.303967 0.024343 0.026527