0 0.430913 0.253850 0.047775 0.076237
1 0.257340 0.373832 0.058769 0.072852
0 0.562111 0.751014 0.032775 0.032426
0 0.525846 0.758780 0.046963 0.062385
0 0.478850 0.703605 0.042284 0.053021
0 0.423071 0.698402 0.061873 0.080412
0 0.362874 0.574691 0.051712 0.059148
0 0.558657 0.597280 0.055605 0.054089
0 0.581194 0.634446 0.049958 0.042513
0 0.599917 0.685218 0.032511 0.039839
0 0.662957 0.692810 0.057236 0.051290
0 0.612431 0.589571 0.074688 0.097501
0 0.700095 0.640793 0.038919 0.044358
0 0.563692 0.482489 0.064083 0.059651
0 0.655654 0.542420 0.047091 0.054313
0 0.649132 0.493456 0.038887 0.044226
0 0.770650 0.577388 0.044282 0.054737
0 0.693876 0.472866 0.061592 0.072443
0 0.778886 0.491020 0.034766 0.038230
0 0.321809 0.271477 0.082172 0.059341
1 0.727445 0.553426 0.095349 0.125761
0 0.541225 0.654717 0.041317 0.046533
0 0.636140 0.321733 0.061475 0.069404
0 0.567162 0.323362 0.060335 0.065873
0 0.472831 0.380552 0.047273 0.072343
0 0.466403 0.446645 0.054321 0.083587
0 0.684638 0.236436 0.037479 0.041257
0 0.586884 0.249698 0.049556 0.051123
0 0.498863 0.272248 0.049561 0.065949
0 0.447824 0.322364 0.055184 0.049386
0 0.430805 0.354239 0.039866 0.044106
0 0.403328 0.384146 0.046264 0.050956
0 0.363170 0.362023 0.041777 0.048298
0 0.348359 0.422214 0.038279 0.044420
0 0.281786 0.474761 0.032163 0.037826
0 0.472834 0.560295 0.043000 0.043696
0 0.426513 0.532909 0.055975 0.061414
0 0.438827 0.571736 0.043842 0.049917
0 0.411633 0.594759 0.044314 0.049527
0 0.359983 0.500625 0.070095 0.065042
0 0.525109 0.426223 0.047109 0.047305
0 0.475755 0.511090 0.033244 0.036991
0 0.286518 0.530875 0.051573 0.067682
0 0.273871 0.632112 0.086763 0.071857
0 0.542908 0.192973 0.043491 0.058275
0 0.750315 0.375920 0.052519 0.082568
0 0.657583 0.405612 0.042948 0.049541