0 0.748754 0.301196 0.047482 0.050008
0 0.641876 0.234374 0.039677 0.044654
0 0.689775 0.276204 0.052228 0.066677
0 0.727011 0.268095 0.042145 0.043771
0 0.555404 0.548967 0.054499 0.062880
0 0.534413 0.613118 0.050810 0.059393
0 0.596414 0.580379 0.037984 0.043529
0 0.580224 0.675001 0.036012 0.039921
0 0.606842 0.654344 0.046888 0.059840
0 0.703077 0.608078 0.039405 0.053533
0 0.750874 0.601441 0.038576 0.049808
0 0.787793 0.553986 0.039219 0.042004
0 0.694274 0.542008 0.040020 0.047918
0 0.702530 0.516669 0.029184 0.033611
0 0.722709 0.516588 0.024806 0.033451
0 0.734557 0.498162 0.033351 0.041387
0 0.713105 0.471841 0.038516 0.044778
0 0.765013 0.493736 0.030381 0.036558
1 0.620588 0.489883 0.060147 0.099401
1 0.613809 0.299959 0.104916 0.078336
0 0.555764 0.145214 0.038356 0.041310
0 0.599869 0.155850 0.043168 0.046669
0 0.660173 0.170947 0.055214 0.058027
0 0.598734 0.219765 0.050640 0.051570
0 0.514278 0.285496 0.033162 0.035168
0 0.549594 0.286157 0.048785 0.057816
0 0.422809 0.572501 0.048707 0.078609
0 0.494120 0.487628 0.070497 0.066815
0 0.547081 0.502428 0.052098 0.048047
0 0.475236 0.597992 0.038427 0.048092
0 0.666969 0.368953 0.044427 0.047242
0 0.803950 0.453170 0.032838 0.038483
0 0.481096 0.298487 0.039260 0.040353
0 0.509622 0.323395 0.029206 0.038072
0 0.487385 0.330488 0.030936 0.036370
0 0.465825 0.345704 0.054283 0.074937
0 0.529539 0.361057 0.057366 0.047375
0 0.395266 0.444906 0.058488 0.049145
0 0.472789 0.432747 0.040312 0.057146
0 0.590778 0.501630 0.035848 0.039631
0 0.785305 0.365800 0.035457 0.039816
0 0.635470 0.346496 0.038253 0.040969
0 0.638018 0.458190 0.031377 0.039323
0 0.592737 0.418990 0.047403 0.058889
0 0.679161 0.409255 0.047753 0.048431