0 0.259814 0.393735 0.022691 0.024454
0 0.207282 0.443034 0.036456 0.047870
1 0.632798 0.550507 0.045596 0.078038
0 0.218675 0.475154 0.023512 0.039861
0 0.449972 0.643367 0.033265 0.043987
0 0.531748 0.681972 0.029586 0.042569
0 0.586626 0.690523 0.067058 0.057862
0 0.448339 0.858315 0.032266 0.029821
0 0.429022 0.835474 0.019000 0.022723
0 0.446920 0.789872 0.031017 0.046727
0 0.520251 0.785311 0.070223 0.055153
0 0.563274 0.795009 0.032050 0.037378
0 0.465452 0.763315 0.026117 0.037969
0 0.481313 0.740207 0.039817 0.083589
0 0.531462 0.735437 0.036859 0.047003
0 0.632107 0.655461 0.025728 0.064927
0 0.514746 0.607645 0.023642 0.050040
0 0.329667 0.376167 0.026946 0.081437
0 0.355915 0.424198 0.028969 0.060853
0 0.399459 0.389057 0.023127 0.063111
0 0.376015 0.293657 0.031648 0.053678
0 0.416952 0.293689 0.047648 0.030318
0 0.476190 0.307896 0.028273 0.026265
0 0.439913 0.438901 0.049306 0.041305
0 0.575507 0.336848 0.027075 0.026966
0 0.556041 0.377095 0.027215 0.035710
0 0.493269 0.470684 0.027686 0.029839
0 0.499384 0.439423 0.018685 0.026051
0 0.525711 0.438322 0.035181 0.035346
0 0.555466 0.445679 0.035754 0.046495
0 0.529171 0.469319 0.020677 0.028303
0 0.599122 0.428824 0.026521 0.060222
0 0.647303 0.473589 0.040155 0.079146
0 0.502776 0.559567 0.051767 0.034852
0 0.524920 0.507666 0.034198 0.028460
0 0.569552 0.513033 0.026314 0.032673
0 0.609790 0.553191 0.026150 0.036913
0 0.568696 0.543391 0.056269 0.042488
0 0.457753 0.720794 0.017248 0.015952
0 0.578481 0.629078 0.022369 0.024646
0 0.622254 0.615054 0.017940 0.019491
0 0.664796 0.650060 0.035106 0.062119
0 0.271149 0.411633 0.020863 0.024046
0 0.287677 0.388519 0.035846 0.024614
0 0.421075 0.334954 0.064527 0.044985
0 0.516224 0.346916 0.049162 0.056796
0 0.480403 0.259971 0.024967 0.029451
0 0.535403 0.292603 0.027339 0.028914