0 0.299951 0.337853 0.023995 0.034067
0 0.249610 0.345583 0.035054 0.060302
0 0.407963 0.414470 0.029339 0.029016
0 0.359984 0.393379 0.041891 0.051515
0 0.328801 0.346849 0.044202 0.045437
0 0.273552 0.414295 0.025943 0.028697
0 0.286120 0.393837 0.023557 0.027477
0 0.289924 0.461591 0.074036 0.042354
1 0.310537 0.376954 0.035445 0.058066
0 0.560542 0.339232 0.024081 0.027218
0 0.269980 0.547459 0.036702 0.034332
0 0.299882 0.545321 0.043789 0.063504
0 0.388177 0.604575 0.041704 0.035756
0 0.336240 0.502854 0.046627 0.046045
0 0.367493 0.483089 0.070663 0.060619
0 0.420310 0.554641 0.051164 0.059610
0 0.452494 0.512371 0.061499 0.075339
0 0.482378 0.542617 0.027144 0.029975
0 0.519764 0.549021 0.034741 0.030193
0 0.391296 0.673406 0.052728 0.055368
0 0.427062 0.642727 0.037763 0.056552
0 0.479273 0.644482 0.020988 0.025502
0 0.483302 0.616446 0.023987 0.027407
0 0.391243 0.673136 0.052578 0.055055
0 0.520168 0.632183 0.043722 0.041144
0 0.556879 0.631753 0.029751 0.030486
0 0.557459 0.598342 0.028581 0.027406
0 0.604797 0.607150 0.029576 0.034685
0 0.559293 0.515590 0.043073 0.031306
0 0.586893 0.557647 0.044930 0.037807
0 0.678963 0.535382 0.033789 0.035289
0 0.413818 0.219760 0.030242 0.040685
0 0.365787 0.275328 0.047961 0.035816
0 0.416045 0.279976 0.046415 0.059928
0 0.380723 0.342098 0.027038 0.040511
0 0.417821 0.332271 0.033546 0.030781
0 0.492035 0.316447 0.032732 0.038211
0 0.573289 0.300475 0.051046 0.055231
0 0.472131 0.390640 0.053531 0.050439
0 0.491438 0.370865 0.027211 0.025819
0 0.520251 0.329512 0.064279 0.069999
0 0.535911 0.361628 0.042584 0.041480
0 0.450564 0.458074 0.018515 0.023994
0 0.486919 0.494569 0.043131 0.041165
0 0.452459 0.512513 0.061467 0.075774
0 0.622857 0.409555 0.026401 0.039641
0 0.652485 0.408929 0.047467 0.048829
0 0.558680 0.446723 0.058599 0.053573
0 0.604205 0.477182 0.041811 0.047261
0 0.575943 0.420596 0.035751 0.029292