0 0.346143 0.242369 0.054127 0.082482
0 0.227321 0.462437 0.057589 0.057880
0 0.352483 0.423513 0.061795 0.053669
0 0.386104 0.324712 0.047014 0.071011
0 0.348412 0.341460 0.019085 0.029870
0 0.299576 0.339697 0.091648 0.088918
0 0.158353 0.458005 0.041494 0.045583
0 0.142708 0.421287 0.072976 0.062943
0 0.142790 0.273768 0.089366 0.095958
0 0.205191 0.282204 0.072989 0.058903
0 0.255422 0.246214 0.108612 0.128374
0 0.344006 0.288531 0.064008 0.050843
0 0.387748 0.240205 0.052765 0.043974
0 0.395166 0.281708 0.057590 0.060624
0 0.285908 0.621668 0.035952 0.035869
0 0.174524 0.602287 0.064943 0.081261
0 0.307631 0.497636 0.056057 0.060499
0 0.685304 0.369786 0.060668 0.084170
0 0.639964 0.437137 0.049872 0.063988
0 0.503952 0.380612 0.044347 0.051271
0 0.469282 0.427864 0.048006 0.078951
0 0.698006 0.123219 0.041903 0.044560
0 0.637046 0.175757 0.045042 0.046501
0 0.607257 0.209853 0.051944 0.086164
0 0.548789 0.251628 0.041230 0.056372
0 0.706101 0.514841 0.056189 0.117018
0 0.729736 0.406465 0.077569 0.108390
0 0.626099 0.578916 0.050506 0.050907
0 0.650453 0.531747 0.046526 0.055921
0 0.587490 0.505834 0.090018 0.063021
0 0.534750 0.584532 0.062823 0.091096
0 0.680025 0.699189 0.055351 0.095257
0 0.633676 0.751740 0.076717 0.070046
0 0.615843 0.804344 0.055569 0.055639
0 0.545792 0.819304 0.074058 0.057543
0 0.549539 0.903125 0.129017 0.073860
0 0.404998 0.863250 0.084944 0.068066
1 0.647427 0.341074 0.105240 0.133412
0 0.281197 0.829410 0.066643 0.101263
0 0.192998 0.782366 0.071693 0.121698
0 0.319093 0.768957 0.077156 0.141485
0 0.240997 0.745579 0.036887 0.043333
0 0.264698 0.730497 0.039209 0.046396
0 0.244539 0.682204 0.077027 0.065992
0 0.410812 0.679414 0.047806 0.082432
0 0.460144 0.593154 0.044324 0.051016