0 0.527369 0.469994 0.0380504 0.0382396
0 0.410637 0.42899 0.0449602 0.0522249
0 0.523816 0.373814 0.0387937 0.0388641
0 0.599039 0.32774 0.0303174 0.035653
0 0.555463 0.503164 0.0271954 0.0285274
0 0.594347 0.436519 0.0199624 0.0453312
0 0.404939 0.625804 0.0235784 0.0457492
0 0.645333 0.458797 0.0237102 0.0341077
0 0.358885 0.440681 0.052366 0.0340537
0 0.615297 0.363518 0.04014 0.0495976
0 0.430358 0.567109 0.0195364 0.0236261
0 0.483735 0.345907 0.0257526 0.0371186
0 0.566548 0.362192 0.0225693 0.0279804
0 0.628932 0.519577 0.0287096 0.0436451
0 0.557106 0.556553 0.0190323 0.0360696
0 0.500858 0.58658 0.0284794 0.044585
0 0.565111 0.600105 0.0341248 0.0348892
0 0.63964 0.381758 0.0238855 0.0327922
0 0.398512 0.578099 0.0261304 0.0384912
0 0.387655 0.475297 0.0545057 0.0370991
0 0.620897 0.583052 0.022719 0.0274112
0 0.630452 0.412249 0.0235146 0.0279487
0 0.673822 0.470417 0.0213497 0.0508384
0 0.45187 0.391198 0.0427042 0.0551845
0 0.573428 0.478692 0.0373486 0.0658479
0 0.516851 0.535267 0.0214848 0.026274
0 0.524134 0.622138 0.0285409 0.0263983
0 0.340261 0.505707 0.0212018 0.026897
0 0.386783 0.507773 0.0321517 0.024074
0 0.657914 0.529235 0.028186 0.0650667
0 0.619174 0.458663 0.0273914 0.0460143
0 0.596785 0.583591 0.0190869 0.0227616
0 0.36471 0.644326 0.0220381 0.0418769
0 0.598984 0.486683 0.0210783 0.0211111
0 0.479096 0.528443 0.0311289 0.0500535
0 0.612698 0.552926 0.0187792 0.021956
0 0.590823 0.539735 0.0394257 0.0491397
0 0.50826 0.446548 0.0176933 0.028996
0 0.555968 0.413186 0.053944 0.0424721
0 0.477145 0.596955 0.0170044 0.0205464
0 0.364126 0.59168 0.0444033 0.0242362
0 0.482253 0.474035 0.0461884 0.0767376
0 0.542064 0.584221 0.0306175 0.0827963
0 0.388281 0.538029 0.0690383 0.0417585
0 0.561727 0.306027 0.0477343 0.0840573
0 0.452644 0.52984 0.0396059 0.0905716
0 0.969268 0.982825 0.0614648 0.0343505
0 0.0154691 0.00947676 0.0309382 0.0185986
0 0.554086 0.321147 0.0328004 0.05452
1 0.561383 0.304546 0.0468102 0.0839412
