0 0.607725 0.209604 0.0486004 0.0426263
0 0.673668 0.492695 0.0450102 0.0481699
0 0.662353 0.460275 0.0445896 0.0568936
0 0.571383 0.666453 0.0370813 0.0287825
0 0.599849 0.474601 0.0333269 0.0452124
0 0.41038 0.339333 0.0367477 0.0346618
0 0.352632 0.444364 0.0286335 0.0363478
0 0.519635 0.374619 0.0278818 0.0337614
0 0.434108 0.377282 0.0356642 0.0508851
0 0.354145 0.532835 0.0326894 0.0525217
0 0.394328 0.422551 0.0296092 0.0460761
0 0.679815 0.576117 0.0275795 0.0319343
0 0.547845 0.5553 0.021272 0.0376108
0 0.668309 0.531827 0.0390723 0.034252
0 0.632891 0.704358 0.0247604 0.0303905
0 0.642938 0.631155 0.0318628 0.0379355
0 0.479517 0.734071 0.0528762 0.0509124
0 0.503285 0.549518 0.0312511 0.0284307
0 0.538285 0.408174 0.0231382 0.0292252
0 0.428663 0.45532 0.0248529 0.0655745
0 0.640844 0.576956 0.0315301 0.0376672
0 0.667511 0.351979 0.019039 0.0248303
0 0.714239 0.55777 0.02754 0.0389051
0 0.617163 0.663608 0.0260292 0.0246638
0 0.522766 0.224639 0.0307047 0.0306343
0 0.550702 0.346146 0.0237926 0.053624
0 0.467781 0.614017 0.0513091 0.0380967
0 0.554882 0.298638 0.0239143 0.0337776
0 0.507273 0.59683 0.026671 0.0365934
0 0.558295 0.699843 0.045624 0.0365548
0 0.660908 0.398169 0.0339005 0.054244
0 0.412574 0.292832 0.0362663 0.0287926
0 0.592928 0.295792 0.0277723 0.041535
0 0.458649 0.41552 0.0401651 0.0301728
0 0.593728 0.355615 0.0259539 0.046892
0 0.414077 0.532488 0.0187648 0.0296344
0 0.461259 0.756081 0.0190588 0.0234585
0 0.509258 0.630335 0.0192871 0.0246794
0 0.384877 0.509414 0.0298471 0.0859337
0 0.533134 0.641301 0.0427258 0.0744739
0 0.494471 0.669193 0.0319008 0.0804483
0 0.63468 0.435602 0.0293688 0.0739933
0 0.619001 0.278964 0.0262608 0.0770268
0 0.575926 0.342933 0.0291172 0.0497221
0 0.497521 0.288871 0.0299071 0.0743893
0 0.579637 0.140303 0.0256643 0.0323775
0 0.0156753 0.00970458 0.0313506 0.0194092
