0 0.373733 0.38896 0.0427779 0.0459695
0 0.449808 0.705562 0.0269585 0.0320365
0 0.548354 0.60505 0.0387452 0.0357544
0 0.4948 0.679726 0.0403067 0.0359616
0 0.381105 0.549611 0.0373374 0.0329943
0 0.350824 0.630448 0.0509483 0.0365589
0 0.54701 0.44094 0.0219507 0.0331874
0 0.516082 0.53714 0.0467539 0.0472655
0 0.616224 0.35026 0.0366903 0.0440487
0 0.408759 0.413124 0.0272079 0.0281034
0 0.547985 0.647924 0.0360502 0.0536666
0 0.589701 0.531985 0.0260778 0.0354769
0 0.503168 0.635505 0.0218582 0.0359876
0 0.529708 0.570098 0.027055 0.0324328
0 0.41725 0.642112 0.0376314 0.0496962
0 0.595772 0.398262 0.0248844 0.0458214
0 0.292727 0.631453 0.0293514 0.0443447
0 0.425323 0.583949 0.0241041 0.0410199
0 0.507799 0.384377 0.0267035 0.0494682
0 0.403495 0.33938 0.0263092 0.0651028
0 0.410457 0.725119 0.0171298 0.0351051
0 0.457156 0.533167 0.042169 0.0309739
0 0.624549 0.404406 0.0192991 0.039912
0 0.443387 0.667078 0.026738 0.038193
0 0.610847 0.461863 0.0178356 0.0220881
0 0.373596 0.452648 0.041114 0.0308055
0 0.360445 0.527835 0.0347683 0.0408304
0 0.621666 0.494237 0.0247143 0.0236663
0 0.449488 0.604621 0.0319728 0.0239345
0 0.58829 0.459268 0.024893 0.0491363
0 0.654795 0.382146 0.029933 0.062253
0 0.375369 0.58814 0.0496418 0.0413195
0 0.446671 0.331164 0.0235947 0.0250437
0 0.606467 0.616191 0.0475691 0.0327494
0 0.340003 0.483368 0.0240712 0.023468
0 0.417453 0.557087 0.028126 0.0380044
0 0.559569 0.534757 0.026005 0.0706998
0 0.314975 0.459142 0.0190829 0.0404235
0 0.405492 0.529492 0.0160221 0.0261786
0 0.3922 0.678063 0.0169288 0.0237851
0 0.554959 0.384558 0.0345272 0.0815234
0 0.338857 0.3768 0.0627415 0.0540494
0 0.475841 0.626365 0.0377269 0.0800415
0 0.576286 0.671694 0.024493 0.0934138
0 0.342471 0.518166 0.0515619 0.0715605
0 0.905998 0.876859 0.0852207 0.0971971
0 0.996918 0.0540647 0.00616388 0.0356296
0 0.919911 0.877277 0.0560535 0.100566
0 0.99691 0.0630539 0.00617962 0.0586199
