0 0.56373 0.526592 0.0315198 0.0346973
0 0.622002 0.49258 0.0386538 0.0424007
0 0.627026 0.418247 0.0298937 0.0385362
0 0.598646 0.385442 0.0446507 0.0370566
0 0.362806 0.522083 0.0181892 0.0251348
0 0.447192 0.593655 0.0348375 0.0495858
0 0.409364 0.552246 0.0498856 0.0518101
0 0.418868 0.433786 0.0201043 0.0316111
0 0.515769 0.257054 0.0388926 0.0353094
0 0.596504 0.579284 0.052455 0.0499532
0 0.618542 0.294546 0.0374165 0.0382521
0 0.464634 0.647637 0.0331078 0.0326194
0 0.528513 0.361039 0.0357843 0.0327953
0 0.48577 0.693809 0.0388727 0.0505614
0 0.58153 0.294453 0.0332675 0.0288881
0 0.549559 0.62631 0.0520056 0.0637478
0 0.658067 0.331334 0.0461374 0.0380507
0 0.494308 0.425514 0.0298687 0.0254325
0 0.529273 0.391526 0.0217276 0.0248194
0 0.453789 0.488978 0.0294012 0.0413216
0 0.325242 0.656628 0.0199027 0.0317689
0 0.339379 0.557198 0.0237127 0.0305307
0 0.444414 0.454449 0.0245636 0.0237058
0 0.620749 0.355902 0.0210993 0.0267411
0 0.597762 0.51769 0.0223784 0.028883
0 0.403527 0.630899 0.0200906 0.0405827
0 0.372207 0.655599 0.0241948 0.0520163
0 0.564915 0.259946 0.0321503 0.0274618
0 0.405951 0.741427 0.0341587 0.0317469
0 0.443126 0.74497 0.0180979 0.0246987
0 0.454771 0.288961 0.0223633 0.0320625
0 0.35756 0.483783 0.0226981 0.0429788
0 0.504266 0.327174 0.0231777 0.0313527
0 0.429166 0.714418 0.0186714 0.0219104
0 0.521096 0.462719 0.0250696 0.0259491
0 0.406725 0.707417 0.0256895 0.0260582
0 0.485822 0.319456 0.0261303 0.0431445
0 0.580613 0.621269 0.0221529 0.0218771
0 0.568275 0.229107 0.0242287 0.0301042
0 0.487267 0.355093 0.0152872 0.0226296
0 0.664771 0.424767 0.0194788 0.02494
0 0.448953 0.692461 0.0214657 0.0374484
0 0.407414 0.356441 0.0155313 0.0239072
0 0.540547 0.299815 0.0196743 0.0312358
0 0.523028 0.661258 0.0221169 0.0226741
0 0.59326 0.477049 0.0256096 0.0323097
0 0.434953 0.510264 0.0540936 0.0843034
0 0.41511 0.678962 0.0178907 0.018497
0 0.41343 0.680327 0.0143525 0.0181485
0 0.0157652 0.00974192 0.0315303 0.0193311
