0 0.550799 0.622028 0.0337099 0.0372107
0 0.592814 0.334054 0.0198416 0.0367252
0 0.53308 0.425389 0.0291098 0.0320847
0 0.430596 0.23925 0.0325409 0.0426567
0 0.428802 0.347746 0.0466246 0.0375519
0 0.576524 0.647781 0.0254212 0.0394642
0 0.5216 0.358433 0.0333508 0.0343201
0 0.38937 0.568792 0.0201332 0.0363432
0 0.514208 0.617266 0.0285142 0.0302463
0 0.311804 0.543348 0.01867 0.0327845
0 0.552513 0.395641 0.0246918 0.0279291
0 0.38063 0.616493 0.0294456 0.039742
0 0.562567 0.474034 0.0322021 0.0280254
0 0.574949 0.27741 0.0254389 0.0357712
0 0.499407 0.562165 0.0254999 0.0316978
0 0.60488 0.59197 0.0199353 0.0367382
0 0.522161 0.248207 0.0256456 0.0484841
0 0.49057 0.60434 0.0289 0.0294784
0 0.662059 0.655363 0.0198778 0.0267367
0 0.643086 0.498126 0.0190052 0.0321389
0 0.688961 0.642241 0.0191254 0.0273894
0 0.618374 0.656017 0.0204079 0.0245996
0 0.410942 0.315949 0.0410152 0.0280873
0 0.46808 0.38533 0.0469445 0.0398338
0 0.335159 0.45911 0.028604 0.0488934
0 0.629265 0.590644 0.0168491 0.0277321
0 0.433863 0.294869 0.0217184 0.0239748
0 0.689267 0.609358 0.0236338 0.0329483
0 0.686449 0.536728 0.0288755 0.0261567
0 0.476622 0.278888 0.0218843 0.0340561
0 0.544946 0.594401 0.0373445 0.0334778
0 0.468191 0.486026 0.0179201 0.0258528
0 0.608304 0.713657 0.0250412 0.0227385
0 0.533885 0.316775 0.0196493 0.0379477
0 0.388092 0.401851 0.0483414 0.0336687
0 0.591842 0.560916 0.0199146 0.0253437
0 0.343982 0.585044 0.0161796 0.0211632
0 0.501717 0.388339 0.0175217 0.0251912
0 0.566533 0.346079 0.0160101 0.0203688
0 0.485673 0.458982 0.0176846 0.0230216
0 0.512424 0.410341 0.0178644 0.0205195
0 0.718421 0.583303 0.0160456 0.0212815
0 0.481327 0.323147 0.0423252 0.0249484
0 0.636005 0.645084 0.0129901 0.0220222
0 0.460195 0.361194 0.0219424 0.0311696
1 0.496845 0.496686 0.0583502 0.0926781
0 0.497247 0.49723 0.0583254 0.0939904
0 0.0156664 0.00981565 0.0313328 0.0194413
