0 0.563426 0.526105 0.0313311 0.0347128
1 0.432693 0.51069 0.0507196 0.0837283
0 0.596379 0.579416 0.052096 0.0488093
0 0.44748 0.593928 0.0354069 0.0490513
0 0.515854 0.256946 0.0381411 0.0349543
0 0.59898 0.385383 0.0446716 0.0357265
0 0.357858 0.483658 0.0229346 0.0420897
0 0.626794 0.417771 0.0302312 0.0383292
0 0.409611 0.552425 0.0498382 0.0513085
0 0.621963 0.492024 0.0378866 0.0417174
0 0.406104 0.741589 0.0333921 0.0319564
0 0.657617 0.331538 0.045216 0.0368748
0 0.618734 0.294743 0.0360472 0.0379987
0 0.464286 0.647684 0.0337157 0.0321357
0 0.528943 0.361248 0.0353045 0.0336053
0 0.448827 0.692484 0.0217846 0.0378181
0 0.406677 0.707598 0.0250506 0.026629
0 0.486146 0.694031 0.0385952 0.0505199
0 0.3628 0.521769 0.0185616 0.0257654
0 0.494134 0.425805 0.0298003 0.0260005
0 0.419356 0.433282 0.02096 0.0315353
0 0.597827 0.517463 0.0219385 0.0297799
0 0.443259 0.744775 0.0181948 0.0247359
0 0.580933 0.294151 0.0324181 0.0290207
0 0.529356 0.391376 0.0220321 0.0248216
0 0.664581 0.424845 0.0190698 0.024676
0 0.403875 0.630566 0.0203836 0.0400414
0 0.592993 0.477307 0.025499 0.0325227
0 0.520826 0.462663 0.0252165 0.0254352
0 0.620736 0.355805 0.0200336 0.0265343
0 0.523076 0.660834 0.0219255 0.0237591
0 0.454539 0.289217 0.0216486 0.0324092
0 0.45389 0.489155 0.0292315 0.0408076
0 0.339278 0.557469 0.0239151 0.0308321
0 0.324848 0.656322 0.0197752 0.0316708
0 0.487189 0.354701 0.0150747 0.0222828
0 0.485872 0.319114 0.0248409 0.0428118
0 0.372688 0.654924 0.0226851 0.0505946
0 0.568081 0.22885 0.0232302 0.0299477
0 0.56481 0.260087 0.0317295 0.0283528
0 0.444249 0.454708 0.0235067 0.0229938
0 0.580628 0.621031 0.0221571 0.0225925
0 0.407489 0.356601 0.0150963 0.0245759
0 0.504225 0.327029 0.0231292 0.0311126
0 0.42961 0.714476 0.0183834 0.0223948
0 0.540218 0.299702 0.0199856 0.0316392
0 0.412091 0.683013 0.0111787 0.0143495
1 0.549597 0.626676 0.0488553 0.06145
0 0.417406 0.676619 0.0134495 0.0158135
0 0.416044 0.678595 0.0168522 0.0191183
0 0.549186 0.626537 0.0502178 0.062626
