0 0.499156 0.0994225 0.0697346 0.0801926
0 0.435199 0.41127 0.0437747 0.0938362
0 0.631055 0.146755 0.0658903 0.0571716
0 0.519963 0.635653 0.0508204 0.100394
0 0.683893 0.253186 0.0551586 0.0637375
0 0.605173 0.306619 0.0490729 0.0715264
0 0.693963 0.427154 0.0601974 0.0541823
0 0.360328 0.244033 0.0583382 0.0753816
0 0.5142 0.488176 0.0610847 0.0479792
0 0.301993 0.403504 0.0362774 0.0618683
0 0.412462 0.718855 0.0487179 0.061667
0 0.343788 0.339041 0.0413374 0.0640039
0 0.519143 0.242548 0.0519759 0.0652173
0 0.643042 0.703691 0.0560109 0.0682726
0 0.552832 0.727028 0.0506016 0.0517279
0 0.42524 0.205085 0.0510511 0.0631773
0 0.426468 0.31059 0.0296705 0.0415082
0 0.660957 0.529342 0.0362333 0.0606471
0 0.373789 0.466393 0.0353681 0.042397
0 0.57003 0.221982 0.041208 0.0503735
0 0.386617 0.587658 0.0383846 0.047462
0 0.632357 0.195722 0.035371 0.0424746
0 0.720577 0.579618 0.0420036 0.0559155
0 0.450806 0.171516 0.0322141 0.0562568
0 0.511813 0.537859 0.030117 0.0402439
0 0.557287 0.656459 0.03847 0.0612069
0 0.406978 0.242586 0.03852 0.0403373
0 0.674939 0.65382 0.041757 0.0490513
0 0.584137 0.422096 0.0898119 0.0800921
0 0.346529 0.546379 0.0357284 0.0494741
0 0.542431 0.274876 0.0320072 0.0382055
0 0.444982 0.600205 0.050434 0.0439915
0 0.363895 0.621718 0.0334921 0.0406068
0 0.33124 0.469115 0.0407341 0.039871
0 0.386963 0.302099 0.049056 0.0604209
0 0.450662 0.53432 0.0300376 0.0346277
0 0.362882 0.385031 0.030017 0.0302821
0 0.607589 0.029894 0.0555401 0.0414393
0 0.397569 0.540548 0.051697 0.0446803
0 0.460129 0.711113 0.0310676 0.0404061
0 0.511559 0.182758 0.0341503 0.0483472
0 0.559649 0.791421 0.0305023 0.0342358
0 0.635535 0.634288 0.0272226 0.0360433
0 0.735101 0.500286 0.0260839 0.0504351
0 0.645103 0.0827451 0.036795 0.0491023
0 0.42487 0.655113 0.0278044 0.0359288
0 0.649128 0.417488 0.0205599 0.0146928
