0 0.504045 0.57748 0.0475998 0.0751006
0 0.747197 0.454735 0.0445526 0.0799148
0 0.347991 0.646189 0.0817315 0.0983155
0 0.280002 0.314564 0.0602939 0.0908866
0 0.740575 0.363257 0.0594964 0.053953
0 0.130593 0.399838 0.0810033 0.0456183
0 0.685343 0.614611 0.053628 0.0934624
0 0.165313 0.569349 0.0497483 0.0575671
0 0.552818 0.135681 0.0742098 0.0483519
0 0.68931 0.274902 0.0346201 0.0814813
0 0.662757 0.5726 0.0391666 0.0704327
0 0.698241 0.697323 0.0383211 0.0493104
0 0.361971 0.48368 0.03878 0.0536404
0 0.390595 0.26856 0.0335036 0.103378
0 0.67899 0.463817 0.0622967 0.0577538
0 0.289583 0.736576 0.0395134 0.0506706
0 0.603074 0.313758 0.0377783 0.0854147
0 0.329611 0.383183 0.0441949 0.0518309
0 0.202601 0.507743 0.0371274 0.0555868
0 0.422672 0.79039 0.0333165 0.0479068
0 0.643227 0.351071 0.0370134 0.130008
0 0.163992 0.682059 0.0298561 0.0408923
0 0.279144 0.556836 0.0304948 0.0433428
0 0.333931 0.310373 0.0410721 0.0525559
0 0.133061 0.506172 0.0410001 0.0423494
0 0.522781 0.321788 0.0298252 0.0472152
0 0.412804 0.454238 0.0220136 0.0461357
0 0.248508 0.503339 0.0366989 0.0713119
0 0.405863 0.734444 0.125488 0.0743375
0 0.168672 0.298046 0.0626552 0.128119
0 0.619781 0.51205 0.0287775 0.046405
0 0.435197 0.132399 0.0531798 0.0333113
0 0.318642 0.471627 0.0277062 0.0367559
0 0.537098 0.375408 0.0272734 0.059065
0 0.506227 0.450819 0.0335275 0.027668
0 0.11763 0.324385 0.0265515 0.0533746
0 0.457122 0.23233 0.079228 0.0532445
0 0.558981 0.224814 0.0670996 0.0337662
0 0.560502 0.626901 0.0592386 0.033696
0 0.517329 0.737236 0.065599 0.0321449
0 0.431489 0.177467 0.0522154 0.0346117
0 0.502056 0.377817 0.0239704 0.0363751
0 0.171536 0.192662 0.0222264 0.0343185
0 0.38711 0.153279 0.0550756 0.03358
1 0.590293 0.769319 0.102063 0.0593308
0 0.591336 0.768817 0.100705 0.0589144
1 0.4127 0.611642 0.0403036 0.127214
1 0.407404 0.738112 0.121345 0.0689836
0 0.413127 0.612973 0.0406282 0.129542
