0 0.683206 0.434177 0.0478489 0.0360698
0 0.503074 0.62305 0.0275308 0.0587931
0 0.353685 0.655908 0.0282134 0.0428693
0 0.396466 0.371432 0.0498776 0.0544719
0 0.613044 0.383925 0.0409998 0.0413259
0 0.373117 0.533852 0.0331208 0.0501564
0 0.685492 0.550852 0.0191751 0.0567762
0 0.630912 0.534357 0.0253057 0.0847132
0 0.412357 0.549897 0.0203905 0.0367789
0 0.483885 0.580629 0.0389644 0.0519127
0 0.630837 0.420631 0.039598 0.031059
0 0.543451 0.39121 0.0234638 0.038113
0 0.576636 0.629698 0.0308788 0.0275022
0 0.438378 0.460698 0.0282125 0.0715768
0 0.531799 0.356092 0.0240832 0.0343314
0 0.353999 0.561657 0.02619 0.0364116
0 0.539111 0.662773 0.0362438 0.0332388
0 0.473714 0.278461 0.0208208 0.0533947
0 0.393951 0.404581 0.0242664 0.0268972
0 0.495675 0.472728 0.0308434 0.0536445
0 0.413205 0.606934 0.0198564 0.0539253
0 0.621026 0.316601 0.0508469 0.0326968
0 0.646085 0.364184 0.0493488 0.0469912
0 0.44487 0.355546 0.0193339 0.0307735
0 0.39153 0.494592 0.0298928 0.030738
0 0.551097 0.329943 0.0223506 0.0333343
0 0.34844 0.43824 0.0244147 0.0717674
0 0.568299 0.390329 0.027006 0.0387138
0 0.329574 0.439878 0.020724 0.0237162
0 0.4461 0.521531 0.0206053 0.031291
0 0.510576 0.420269 0.0178255 0.0382103
0 0.660932 0.494327 0.0207679 0.0298793
0 0.527147 0.427697 0.0172324 0.0347741
0 0.406559 0.512834 0.0252107 0.0395205
0 0.417602 0.667226 0.0478413 0.0366594
0 0.412471 0.34254 0.0149553 0.0266807
0 0.483978 0.498747 0.018696 0.0219306
0 0.485478 0.531316 0.0215615 0.0411549
0 0.329471 0.547359 0.0257065 0.0920533
0 0.464474 0.522521 0.0208921 0.024039
0 0.479715 0.398564 0.0374922 0.0666558
0 0.395234 0.469146 0.0590948 0.0245284
0 0.445432 0.610134 0.0359823 0.0810796
0 0.593375 0.83491 0.0319228 0.0515885
0 0.528587 0.523838 0.0681709 0.0302827
0 0.640807 0.799808 0.0245718 0.0460777
0 0.575559 0.7727 0.0135397 0.0206378
0 0.574316 0.799972 0.0136669 0.0176992
0 0.511503 0.311808 0.0707685 0.047475
0 0.737856 0.778526 0.0312643 0.0452384
0 0.737963 0.788104 0.0316278 0.0398982
1 0.51176 0.311836 0.0698709 0.0475413
0 0.589996 0.783977 0.0170943 0.0130341
1 0.479286 0.399679 0.0371601 0.0698092
0 0.70978 0.761423 0.0171479 0.0181669
0 0.680859 0.723 0.025798 0.0425074
1 0.529307 0.523275 0.0688602 0.0302837
0 0.676457 0.71728 0.0170462 0.0307145
0 0.72014 0.852768 0.0496851 0.0537004
0 0.594883 0.841504 0.0296108 0.0374253
