0 0.649646 0.296462 0.0629448 0.0702736
0 0.420198 0.309783 0.0463278 0.0787052
0 0.637661 0.777849 0.0414559 0.0709505
0 0.477886 0.466567 0.0527531 0.0401449
0 0.382099 0.372064 0.0768753 0.0504767
0 0.490951 0.54733 0.0482646 0.0584718
0 0.355285 0.584865 0.0545704 0.0522547
0 0.789552 0.242634 0.0352278 0.0449811
0 0.678184 0.188605 0.0699511 0.0703086
0 0.758447 0.390984 0.03086 0.111687
0 0.390773 0.43766 0.0393004 0.0465117
0 0.60811 0.390877 0.0339495 0.0370498
0 0.513865 0.591007 0.031255 0.0474634
0 0.525502 0.499321 0.0342255 0.0344894
0 0.475476 0.509252 0.0522848 0.0471284
0 0.798258 0.614181 0.0449308 0.0448073
0 0.531981 0.692478 0.0251988 0.0709703
0 0.355518 0.441552 0.0282818 0.0772203
0 0.606688 0.65744 0.0751655 0.0990295
0 0.629279 0.704724 0.0556711 0.0596955
0 0.619694 0.350204 0.0573196 0.046242
0 0.801241 0.731778 0.0345429 0.0361172
0 0.493893 0.261202 0.0335312 0.0506868
0 0.368144 0.32061 0.0436455 0.0443258
0 0.332283 0.293656 0.0334301 0.0301398
0 0.268227 0.413404 0.0304011 0.0750602
0 0.535663 0.29539 0.0419546 0.038213
0 0.633208 0.546202 0.0326408 0.0625042
0 0.639313 0.218665 0.0624353 0.0490007
0 0.573705 0.237191 0.0264689 0.0676401
0 0.700732 0.272278 0.0381243 0.0506973
0 0.835353 0.626327 0.029174 0.0315615
0 0.337747 0.509438 0.0702253 0.0336945
0 0.780481 0.543634 0.0706736 0.0487583
0 0.424764 0.202959 0.0419475 0.0415793
0 0.306143 0.561689 0.025476 0.0354214
0 0.616973 0.483687 0.0712727 0.0526061
0 0.704869 0.737992 0.0604917 0.0425415
0 0.667024 0.405871 0.0247753 0.0343187
0 0.576414 0.375257 0.0276055 0.0289698
0 0.533893 0.34886 0.0296863 0.0279466
0 0.814147 0.417277 0.0562788 0.0299481
0 0.261713 0.555658 0.0318526 0.0992616
0 0.711456 0.780487 0.0278874 0.0765167
0 0.495302 0.375749 0.0514677 0.0929047
0 0.302395 0.396429 0.0406283 0.134296
1 0.434206 0.245641 0.0928336 0.0399209
1 0.302458 0.395197 0.040799 0.135803
1 0.495537 0.37627 0.0515899 0.0921053
0 0.43455 0.245681 0.0933094 0.0408072
0 0.216371 0.806188 0.0545748 0.0701562
